3.015075376884421843e+00 5.925061858163531040e-30 1.543809711649734102e-26
3.045377641978737948e+00 4.864981082442530609e-30 1.502550079850649274e-26
3.075984452450885698e+00 6.094510908592093771e-30 1.478913764663065845e-26
3.106898869058432044e+00 6.555594154745286868e-30 1.470812433780165954e-26
3.138123983320326271e+00 1.007160672617984497e-29 1.461823332229842569e-26
3.169662917826058024e+00 1.589558382938383447e-29 1.440966136656638465e-26
3.201518826547927965e+00 7.253218611040729328e-30 1.415753374366042765e-26
3.233694895156449256e+00 8.886790439071428170e-30 1.401267674899697105e-26
3.266194341338926499e+00 1.458280141570540459e-29 1.402500482545640141e-26
3.299020415121227234e+00 1.658733712799019153e-29 1.409812437867627283e-26
3.332176399192797511e+00 1.862950193394532042e-29 1.409059010104844905e-26
3.365665609234935296e+00 2.775330244607973618e-29 1.397396109799669542e-26
3.399491394252372345e+00 3.509996026328694475e-29 1.386105251749834180e-26
3.433657136908174756e+00 4.715121463834340965e-29 1.387211241410608005e-26
3.468166253862026149e+00 5.425137466006401501e-29 1.401325818388371225e-26
3.503022196111895692e+00 6.657474880970498444e-29 1.416927926485903920e-26
3.538228449339151815e+00 7.277139689637322553e-29 1.420890896546500563e-26
3.573788534257132721e+00 8.270423066284048134e-29 1.412254447436336594e-26
3.609706006963234959e+00 9.509455451112846614e-29 1.402934997860586373e-26
3.645984459294523639e+00 1.087222823772853118e-28 1.404730614252118761e-26
3.682627519186929987e+00 1.210714381982735523e-28 1.418517531199985803e-26
3.719638851038055360e+00 1.347677296359062738e-28 1.433279294327009459e-26
3.757022156073614116e+00 1.511816593495805616e-28 1.434998987170355074e-26
3.794781172717569984e+00 1.672082196935398324e-28 1.420083234586008105e-26
3.832919676965987676e+00 1.834114521514010906e-28 1.398711580316806670e-26
3.871441482764640618e+00 1.985353383051845609e-28 1.383975501530105603e-26
3.910350442390415626e+00 2.168187242978721364e-28 1.380688771933180140e-26
3.949650446836550532e+00 2.380730424527971388e-28 1.382535256869887905e-26
3.989345426201742484e+00 2.535328393885034069e-28 1.377050907779756397e-26
4.029439350083166893e+00 2.582289371950868541e-28 1.356015793091685807e-26
4.069936227973450116e+00 2.566370321878721127e-28 1.322824535834354296e-26
4.110840109661625164e+00 2.522631012421752867e-28 1.288579922386076243e-26
4.152155085638122856e+00 2.509143084666000613e-28 1.262268599796112547e-26
4.193885287503833048e+00 7.847626554433606813e-29 1.245248305085076630e-26
4.236034888383268360e+00 4.074337833160049523e-29 1.231726986817338926e-26
4.278608103341894342e+00 4.450004742952697226e-29 1.213252638648014424e-26
4.321609189807641194e+00 3.381481692913047069e-29 1.185008928354179335e-26
4.365042447996662744e+00 7.201273437343432790e-29 1.149326111357944164e-26
4.408912221343363136e+00 3.868801657863745182e-28 1.113093297685958294e-26
4.453222896934753372e+00 5.446122189959829948e-28 1.082319139618381627e-26
4.497978905949173267e+00 6.170011933712978917e-28 1.058837099720164702e-26
4.543184724099416982e+00 6.825949291735891943e-28 1.040196820072403300e-26
4.588844872080314552e+00 7.491629813189894097e-28 1.021625759697290889e-26
4.634963916020821806e+00 8.497833213381759076e-28 9.990174713835083302e-27
4.681546467940629341e+00 9.030155543889642826e-28 9.714303414724282336e-27
4.728597186211388248e+00 8.683268970557367495e-28 9.413030967403160405e-27
4.776120776022559689e+00 9.296800789278395232e-28 9.123963707725115353e-27
4.824121989851931858e+00 8.411942733433569475e-28 8.874236409161049094e-27
4.872605627940895801e+00 1.071443190371384084e-27 8.669115343375153108e-27
4.921576538774472098e+00 1.258886659254889066e-27 8.493581885898471979e-27
4.971039619566175460e+00 1.220795454512440445e-27 8.322277957356861180e-27
5.020999816747744759e+00 1.086133064045172750e-27 8.133022127327120643e-27
5.071462126463800679e+00 1.393594247906015407e-27 7.917898775014757499e-27
5.122431595071477162e+00 1.005089633074596783e-27 7.685478449066006645e-27
5.173913319645060405e+00 1.231351935058729967e-27 7.453716141101359698e-27
5.225912448485715345e+00 5.734030190505794007e-28 7.239127104660968811e-27
5.278434181636325384e+00 9.047346554071140262e-28 7.049787256880229198e-27
5.331483771401514637e+00 9.763237064933478304e-28 6.883408291676838891e-27
5.385066522872886452e+00 9.439869817618100325e-28 6.730222957808698243e-27
5.439187794459549252e+00 4.091449380513659294e-28 6.578261447581088776e-27
5.493852998423966127e+00 7.397813489026620328e-28 6.417924182988487993e-27
5.549067601423201879e+00 4.052090478898037361e-28 6.246910222628368550e-27
5.604837125055595948e+00 4.177434968490158180e-28 6.069593255963859354e-27
5.661167146412937612e+00 3.866986975895918993e-28 5.894105062682846920e-27
5.718063298638194070e+00 3.925576697111414535e-28 5.728379701847980783e-27
5.775531271488829610e+00 4.645383661899125203e-28 5.577157887881036134e-27
5.833576811905802906e+00 4.607928735638376060e-28 5.440941476216873752e-27
5.892205724588272631e+00 5.155696491477066924e-28 5.316666671652675489e-27
5.951423872574085117e+00 5.393359828349651657e-28 5.199366803332459279e-27
6.011237177826085798e+00 5.433865287828537492e-28 5.084218428951459833e-27
6.071651621824337042e+00 6.690709066703470208e-28 4.968245473966006164e-27
6.132673246164280556e+00 6.733287574456487532e-28 4.851107445476669050e-27
6.194308153160906549e+00 6.929705609436239335e-28 4.734857734649691365e-27
6.256562506459006023e+00 1.138751450008668008e-27 4.622844384060249814e-27
6.319442531649548833e+00 1.126658104898507398e-27 4.518304869650299068e-27
6.382954516892257679e+00 8.741179667428059181e-28 4.423478032306298906e-27
6.447104813544441093e+00 9.777035198127640563e-28 4.339105573003714930e-27
6.511899836796143148e+00 1.105480811786160936e-27 4.264431252246820550e-27
6.577346066311683614e+00 1.133802021019208921e-27 4.197710609949508002e-27
6.643450046877629411e+00 1.233072272133920075e-27 4.136851291394040122e-27
6.710218389057304833e+00 1.296930854972995081e-27 4.080017246412891840e-27
6.777657769851851199e+00 1.416763400228104815e-27 4.026128766485988658e-27
6.845774933367950510e+00 1.441268556397746505e-27 3.975035883843277925e-27
6.914576691492250404e+00 2.050513237762113918e-27 3.927482082087525904e-27
6.984069924572573917e+00 1.832358595296640101e-27 3.884615266403254532e-27
7.054261582105967321e+00 2.293187191813961275e-27 3.847871657499573313e-27
7.125158683433665097e+00 2.605574647191164315e-27 3.818307635064954371e-27
7.196768318443049317e+00 3.107393669616962053e-27 3.796566922615408725e-27
7.269097648276646950e+00 3.445552770082518655e-27 3.782688709608630085e-27
7.342153906048272560e+00 4.431147991360221376e-27 3.776268926514452538e-27
7.415944397566345714e+00 6.070835663262884392e-27 3.776498085514672527e-27
7.490476502064499442e+00 6.499960874664098493e-27 3.782308071531178965e-27
7.565757672939518841e+00 7.088150493413612936e-27 3.792884071271974897e-27
7.641795438496700399e+00 6.780815255286195056e-27 3.807516385132539359e-27
7.718597402702696897e+00 1.013457307712328479e-26 3.826168358908094750e-27
7.796171245945941131e+00 1.042410854208919475e-26 3.848536467341361778e-27
7.874524725804693759e+00 9.480688553139279326e-27 3.875119541060377255e-27
7.953665677822832514e+00 1.267603814837914444e-26 3.906802108240575414e-27
8.033602016293412973e+00 1.441845627477120908e-26 3.943910787614876441e-27
8.114341735050130566e+00 1.803862040177799957e-26 3.987182222934029724e-27
8.195892908266715793e+00 1.717588704132826678e-26 4.036645585439392833e-27
8.278263691264371005e+00 1.920126846271587998e-26 4.092824872579224759e-27
8.361462321327326919e+00 2.080017395124249741e-26 4.155421559395692673e-27
8.445497118526597902e+00 2.108901872165202892e-26 4.224054030816792223e-27
8.530376486551993764e+00 2.152439491478861432e-26 4.298311767030821546e-27
8.616108913552515958e+00 2.300349565995076022e-26 4.377691779345210356e-27
8.702702972985203900e+00 2.354695245867593497e-26 4.461582654687616193e-27
8.790167324472491828e+00 2.382046318092008609e-26 4.549623276633398563e-27
8.878510714668193415e+00 2.534031417184370858e-26 4.641669288029215160e-27
8.967741978132194092e+00 2.626804876240678231e-26 4.737625279348743420e-27
9.057870038213927444e+00 2.655372439304725746e-26 4.837684426575433253e-27
9.148903907944720970e+00 2.779129610104817696e-26 4.942277546405440310e-27
9.240852690939139080e+00 2.805805049480856174e-26 5.051782888356207077e-27
9.333725582305360646e+00 2.730654401175347216e-26 5.166700634784439327e-27
9.427531869564711897e+00 1.898210089995472204e-26 5.287225687978012101e-27
9.522280933580438145e+00 1.711860037022599564e-26 5.414327345572271518e-27
9.617982249495819147e+00 2.081577289413939221e-26 5.548196398550355501e-27
9.714645387681708044e+00 2.024101703851795957e-26 5.688520538474940848e-27
9.812280014693582686e+00 2.254159068829732684e-26 5.835522771462607004e-27
9.910895894238242576e+00 2.789255045625937039e-26 5.989007672065934607e-27
1.001050288815018519e+01 3.230005925984259071e-26 6.148529726553954049e-27
1.011111095737782684e+01 3.484503311149865204e-26 6.313722066000653875e-27
1.021273016297961433e+01 3.546794128951756662e-26 6.484260037110055930e-27
1.031537066713016237e+01 3.621824011481190807e-26 6.659954825716422763e-27
1.041904273413649662e+01 3.755702778861627868e-26 6.840663471870149729e-27
1.052375673146450019e+01 3.756161691855143687e-26 7.026298489777489606e-27
1.062952313077570388e+01 3.884117284989861310e-26 7.217079073827330980e-27
1.073635250897445381e+01 3.987408298840726770e-26 7.413230612337229946e-27
1.084425554926565560e+01 4.005023132993006185e-26 7.615138431805123543e-27
1.095324304222309841e+01 4.087696539268751409e-26 7.823349381533552365e-27
1.106332588686855622e+01 4.202248386891794958e-26 8.038402376772810732e-27
1.117451509176170710e+01 4.273192335345328224e-26 8.260832061764634639e-27
1.128682177610102144e+01 4.245572870192327354e-26 8.491145740384653561e-27
1.140025717083570456e+01 4.371571438638834558e-26 8.729869070287088863e-27
1.151483261978882666e+01 4.394124581155248040e-26 8.977276233400137048e-27
1.163055958079172569e+01 4.534520234286926443e-26 9.233662949755213142e-27
1.174744962682983562e+01 4.358998937574345281e-26 9.499015725281544847e-27
1.186551444719998649e+01 4.587190041523506994e-26 9.773523720574895120e-27
1.198476584867938044e+01 4.716286354123171760e-26 1.005693519024554874e-26
1.210521575670631123e+01 4.670073739535168784e-26 1.034906994502157658e-26
1.222687621657270718e+01 4.721815655680743308e-26 1.064971747114141676e-26
1.234975939462871430e+01 4.739344237412953229e-26 1.095863316927520619e-26
1.247387757949935327e+01 4.491228537527206870e-26 1.127555579274752813e-26
1.259924318331341730e+01 4.435802113817409661e-26 1.160046402550229745e-26
1.272586874294470682e+01 4.796834526858658089e-26 1.193337002691689037e-26
1.285376692126576259e+01 4.713248256150742600e-26 1.227414524321586531e-26
1.298295050841416298e+01 4.804736111133152988e-26 1.262315011989984571e-26
1.311343242307159151e+01 4.738018264667979185e-26 1.298065020920484877e-26
1.324522571375572966e+01 4.133896241784940185e-26 1.334702982173338067e-26
1.337834356012513304e+01 3.779067771126966552e-26 1.372304378735848607e-26
1.351279927429724736e+01 3.172516394197392389e-26 1.410923693803782854e-26
1.364860630217962978e+01 3.148929953547697088e-26 1.450650103423253412e-26
1.378577822481460124e+01 3.489025983902014379e-26 1.491551492526720984e-26
1.392432875973736195e+01 2.568796038143847276e-26 1.533665699539118042e-26
1.406427176234778820e+01 2.599653293769368532e-26 1.577107336822343471e-26
1.420562122729600674e+01 2.213253248343544569e-26 1.621909136540718314e-26
1.434839128988189572e+01 2.081192365980476953e-26 1.668137355993945926e-26
1.449259622746864906e+01 2.070748048643452671e-26 1.715831275031609238e-26
1.463825046091054638e+01 2.110974562216210334e-26 1.765020261339762365e-26
1.478536855599507582e+01 2.180830808973129594e-26 1.815723237564676077e-26
1.493396522489954670e+01 2.516535210617643728e-26 1.867952990058507377e-26
1.508405532766235879e+01 2.172479729061619458e-26 1.921690207160927803e-26
1.523565387366901547e+01 2.241651786786839861e-26 1.976945760336347574e-26
1.538877602315312565e+01 2.247843371405236711e-26 2.033695089605566387e-26
1.554343708871245333e+01 2.303500082321170259e-26 2.091921288750579830e-26
1.569965253684021889e+01 2.459824947152967868e-26 2.151605799614196201e-26
1.585743798947178007e+01 2.774669656192840273e-26 2.212732623582610706e-26
1.601680922554687214e+01 3.251540261146527660e-26 2.275290153069136985e-26
1.617778218258754208e+01 3.006264691242009893e-26 2.339259759593508819e-26
1.634037295829193681e+01 3.614048044299770725e-26 2.404675037705730240e-26
1.650459781214412303e+01 3.780023417723401446e-26 2.471532887079927447e-26
1.667047316704004345e+01 3.820811096254570300e-26 2.539870873701428717e-26
1.683801561092989374e+01 3.460952591245327912e-26 2.609730596945005234e-26
1.700724189847692358e+01 4.507149053236475045e-26 2.681200838387444957e-26
1.717816895273297462e+01 3.983365337284940130e-26 2.754306779906267358e-26
1.735081386683079785e+01 4.394568217683079758e-26 2.829173056959036428e-26
1.752519390569341340e+01 4.134583172002015719e-26 2.905869420866771451e-26
1.770132650776068672e+01 4.184570012895820178e-26 2.984514330028693906e-26
1.787922928673315681e+01 5.377979339806989839e-26 3.065229244718071543e-26
1.805892003333349294e+01 4.820458246991324299e-26 3.148083107944296914e-26
1.824041671708558709e+01 3.773722559144352459e-26 3.233208948441982468e-26
1.842373748811156631e+01 4.480566688492168208e-26 3.320751826831006772e-26
1.860890067894685984e+01 4.613336134282142130e-26 3.410785897169198824e-26
1.879592480637345986e+01 5.299943821543212161e-26 3.503430192962127205e-26
1.898482857327168816e+01 4.015337164436599881e-26 3.598743914528611924e-26
1.917563087049049741e+01 4.297019853391058696e-26 3.696863081055866504e-26
1.936835077873663380e+01 3.594593128851271318e-26 3.797827124494910927e-26
1.956300757048272843e+01 4.531378174675688444e-26 3.901736259187688749e-26
1.975962071189461611e+01 3.568049534036989572e-26 4.008593961967839568e-26
1.992920940772703986e+01 3.523644542491530810e-26 4.867107374760080992e-26
