4.050072371888023604e+00 2.566907344860664757e-28 7.725808467273399464e-27
4.167465773971734677e+00 1.702577069728602493e-28 7.160528902331174631e-27
4.288261883362220139e+00 3.965609136445005403e-29 6.639734070097631697e-27
4.412559329256776408e+00 3.436985051174183915e-28 6.214857057844576025e-27
4.540459599670016111e+00 6.755737889487176640e-28 6.015093323004347627e-27
4.672067124298132867e+00 8.622823577446049535e-28 5.774990927170970682e-27
4.807489359785034111e+00 9.275705988405638917e-28 5.786420840745217827e-27
4.946836877459961812e+00 1.211509733694495212e-27 5.690391275537109910e-27
5.090223453618222926e+00 1.146299579089953912e-27 5.825910720661299982e-27
5.237766162418751925e+00 8.793383931823284311e-28 5.792340059082110065e-27
5.389585471474367395e+00 7.817772126068354588e-28 5.914973115265415104e-27
5.545805340212755397e+00 5.284533578234783443e-28 5.862666752524203310e-27
5.706553321088486008e+00 3.972865431192891102e-28 5.782075716446044514e-27
5.871960663728732932e+00 5.080550204119385342e-28 5.693307350338198298e-27
6.042162422097681507e+00 6.074972757695543931e-28 5.371642024052132145e-27
6.217297564767179097e+00 9.168148521506344338e-28 5.240592080099922254e-27
6.397509088383619869e+00 9.529216897287640899e-28 4.908331666170666842e-27
6.582944134423724059e+00 1.151336027880867699e-27 4.671732852872075331e-27
6.773754109334557683e+00 1.384457724052751122e-27 4.502087186291319392e-27
6.970094808155849364e+00 1.906471170566760999e-27 4.239016865444594438e-27
7.172126541725583948e+00 3.038084012539364754e-27 4.102383237897309144e-27
7.380014267572701847e+00 4.630602288060515746e-27 3.981921653136662336e-27
7.593927724603795504e+00 7.603748049523878486e-27 3.819602590877245647e-27
7.814041571693762123e+00 1.016244142888809331e-26 3.742430819418218959e-27
8.040535530293579924e+00 1.513534005193378948e-26 3.689084398299341461e-27
8.273594531171653443e+00 1.895556490859153695e-26 3.606767598219041615e-27
8.513408865408514714e+00 2.162069231000586083e-26 3.570218969359753823e-27
8.760174339768180829e+00 2.417392240873675101e-26 3.577713186364133561e-27
9.014092436573056588e+00 2.638051392443528303e-26 3.575803369508537980e-27
9.275370478212854763e+00 2.724776965936067366e-26 3.583510490268133613e-27
9.544221796421922477e+00 1.857564812247104727e-26 3.634373335916264183e-27
9.820865906463136952e+00 2.361316617175489902e-26 3.709275866815188764e-27
1.010552868636061774e+01 3.414213805883268957e-26 3.784080583680403310e-27
1.039844256132758993e+01 3.700165806148313591e-26 3.873371520541955812e-27
1.069984669353998541e+01 3.922522807281599049e-26 3.996636037244399371e-27
1.100998717741070720e+01 4.151067087335900520e-26 4.145794104894843331e-27
1.132911724052406477e+01 4.303689340855923000e-26 4.303689340855923574e-27
1.165749745039432561e+01 4.452627290893298198e-26 4.471942274047142447e-27
1.199539592721735026e+01 4.660205154497475825e-26 4.665914669638503876e-27
1.234308856278886779e+01 4.661844871478061019e-26 4.892247719228049275e-27
1.270085924576825320e+01 4.635454796460725322e-26 5.142275588969011706e-27
1.306900009347168279e+01 4.652250451533041199e-26 5.406321545739881902e-27
1.344781169038390445e+01 3.531817410692971012e-26 5.686270197610016810e-27
1.383760333358343786e+01 3.012263863223159395e-26 5.993798053941173417e-27
1.423869328528150646e+01 2.227490840022797422e-26 6.337490710381828236e-27
1.465140903268097183e+01 2.125769496547582980e-26 6.716108920187064557e-27
1.507608755536737632e+01 2.307815031146209428e-26 7.121846321342672449e-27
1.551307560045048639e+01 2.318597210532457807e-26 7.549844604416817378e-27
1.596272996568093561e+01 3.003868260781967990e-26 8.004219889805206307e-27
1.642541779077313535e+01 3.610572073381833278e-26 8.495450748349761636e-27
1.690151685717235708e+01 3.921337967714113090e-26 9.033305528879322387e-27
1.739141589651068642e+01 4.130757320086685714e-26 9.621084962057036533e-27
1.789551490800375078e+01 4.863176804664639218e-26 1.025518504305136618e-26
1.841422548504733570e+01 4.262928571822646742e-26 1.092932158032731983e-26
