6.011237177826085798e+00 5.433865287828537492e-28 2.542109214475729916e-27
6.071651621824337042e+00 6.690709066703470208e-28 2.484122736983003082e-27
6.132673246164280556e+00 6.733287574456487532e-28 2.425553722738334525e-27
6.194308153160906549e+00 6.929705609436239335e-28 2.367428867324845682e-27
6.256562506459006023e+00 1.138751450008668008e-27 2.311422192030124907e-27
6.319442531649548833e+00 1.126658104898507398e-27 2.259152434825149534e-27
6.382954516892257679e+00 8.741179667428059181e-28 2.211739016153149453e-27
6.447104813544441093e+00 9.777035198127640563e-28 2.169552786501857465e-27
6.511899836796143148e+00 1.105480811786160936e-27 2.132215626123410275e-27
6.577346066311683614e+00 1.133802021019208921e-27 2.098855304974754001e-27
6.643450046877629411e+00 1.233072272133920075e-27 2.068425645697020061e-27
6.710218389057304833e+00 1.296930854972995081e-27 2.040008623206445920e-27
6.777657769851851199e+00 1.416763400228104815e-27 2.013064383242994329e-27
6.845774933367950510e+00 1.441268556397746505e-27 1.987517941921638963e-27
6.914576691492250404e+00 2.050513237762113918e-27 1.963741041043762952e-27
6.984069924572573917e+00 1.832358595296640101e-27 1.942307633201627266e-27
7.054261582105967321e+00 2.293187191813961275e-27 1.923935828749786657e-27
7.125158683433665097e+00 2.605574647191164315e-27 1.909153817532477186e-27
7.196768318443049317e+00 3.107393669616962053e-27 1.898283461307704363e-27
7.269097648276646950e+00 3.445552770082518655e-27 1.891344354804315043e-27
7.342153906048272560e+00 4.431147991360221376e-27 1.888134463257226269e-27
7.415944397566345714e+00 6.070835663262884392e-27 1.888249042757336264e-27
7.490476502064499442e+00 6.499960874664098493e-27 1.891154035765589482e-27
7.565757672939518841e+00 7.088150493413612936e-27 1.896442035635987449e-27
7.641795438496700399e+00 6.780815255286195056e-27 1.903758192566269679e-27
7.718597402702696897e+00 1.013457307712328479e-26 1.913084179454047375e-27
7.796171245945941131e+00 1.042410854208919475e-26 1.924268233670680889e-27
7.874524725804693759e+00 9.480688553139279326e-27 1.937559770530188627e-27
7.953665677822832514e+00 1.267603814837914444e-26 1.953401054120287707e-27
8.033602016293412973e+00 1.441845627477120908e-26 1.971955393807438221e-27
8.114341735050130566e+00 1.803862040177799957e-26 1.993591111467014862e-27
8.195892908266715793e+00 1.717588704132826678e-26 2.018322792719696416e-27
8.278263691264371005e+00 1.920126846271587998e-26 2.046412436289612379e-27
8.361462321327326919e+00 2.080017395124249741e-26 2.077710779697846336e-27
8.445497118526597902e+00 2.108901872165202892e-26 2.112027015408396111e-27
8.530376486551993764e+00 2.152439491478861432e-26 2.149155883515410773e-27
8.616108913552515958e+00 2.300349565995076022e-26 2.188845889672605178e-27
8.702702972985203900e+00 2.354695245867593497e-26 2.230791327343808096e-27
8.790167324472491828e+00 2.382046318092008609e-26 2.274811638316699281e-27
8.878510714668193415e+00 2.534031417184370858e-26 2.320834644014607580e-27
8.967741978132194092e+00 2.626804876240678231e-26 2.368812639674371710e-27
9.057870038213927444e+00 2.655372439304725746e-26 2.418842213287716626e-27
9.148903907944720970e+00 2.779129610104817696e-26 2.471138773202720155e-27
9.240852690939139080e+00 2.805805049480856174e-26 2.525891444178103539e-27
9.333725582305360646e+00 2.730654401175347216e-26 2.583350317392219663e-27
9.427531869564711897e+00 1.898210089995472204e-26 2.643612843989006051e-27
9.522280933580438145e+00 1.711860037022599564e-26 2.707163672786135759e-27
9.617982249495819147e+00 2.081577289413939221e-26 2.774098199275177750e-27
9.714645387681708044e+00 2.024101703851795957e-26 2.844260269237470424e-27
9.812280014693582686e+00 2.254159068829732684e-26 2.917761385731303502e-27
9.910895894238242576e+00 2.789255045625937039e-26 2.994503836032967304e-27
1.001050288815018519e+01 3.230005925984259071e-26 3.074264863276977024e-27
1.011111095737782684e+01 3.484503311149865204e-26 3.156861033000326937e-27
1.021273016297961433e+01 3.546794128951756662e-26 3.242130018555027965e-27
1.031537066713016237e+01 3.621824011481190807e-26 3.329977412858211382e-27
1.041904273413649662e+01 3.755702778861627868e-26 3.420331735935074865e-27
1.052375673146450019e+01 3.756161691855143687e-26 3.513149244888744803e-27
1.062952313077570388e+01 3.884117284989861310e-26 3.608539536913665490e-27
1.073635250897445381e+01 3.987408298840726770e-26 3.706615306168614973e-27
1.084425554926565560e+01 4.005023132993006185e-26 3.807569215902561771e-27
1.095324304222309841e+01 4.087696539268751409e-26 3.911674690766776182e-27
1.106332588686855622e+01 4.202248386891794958e-26 4.019201188386405366e-27
1.117451509176170710e+01 4.273192335345328224e-26 4.130416030882317320e-27
1.128682177610102144e+01 4.245572870192327354e-26 4.245572870192326780e-27
1.140025717083570456e+01 4.371571438638834558e-26 4.364934535143544432e-27
1.151483261978882666e+01 4.394124581155248040e-26 4.488638116700068524e-27
1.163055958079172569e+01 4.534520234286926443e-26 4.616831474877606571e-27
1.174744962682983562e+01 4.358998937574345281e-26 4.749507862640772423e-27
1.186551444719998649e+01 4.587190041523506994e-26 4.886761860287447560e-27
1.198476584867938044e+01 4.716286354123171760e-26 5.028467595122774369e-27
1.210521575670631123e+01 4.670073739535168784e-26 5.174534972510788292e-27
1.222687621657270718e+01 4.721815655680743308e-26 5.324858735570708382e-27
1.234975939462871430e+01 4.739344237412953229e-26 5.479316584637603096e-27
1.247387757949935327e+01 4.491228537527206870e-26 5.637777896373764065e-27
1.259924318331341730e+01 4.435802113817409661e-26 5.800232012751148724e-27
1.272586874294470682e+01 4.796834526858658089e-26 5.966685013458445186e-27
1.285376692126576259e+01 4.713248256150742600e-26 6.137072621607932657e-27
1.298295050841416298e+01 4.804736111133152988e-26 6.311575059949922854e-27
1.311343242307159151e+01 4.738018264667979185e-26 6.490325104602424385e-27
1.324522571375572966e+01 4.133896241784940185e-26 6.673514910866690337e-27
1.337834356012513304e+01 3.779067771126966552e-26 6.861521893679243036e-27
1.351279927429724736e+01 3.172516394197392389e-26 7.054618469018914270e-27
1.364860630217962978e+01 3.148929953547697088e-26 7.253250517116267059e-27
1.378577822481460124e+01 3.489025983902014379e-26 7.457757462633604918e-27
1.392432875973736195e+01 2.568796038143847276e-26 7.668328497695590210e-27
1.406427176234778820e+01 2.599653293769368532e-26 7.885536684111717357e-27
1.420562122729600674e+01 2.213253248343544569e-26 8.109545682703591571e-27
1.434839128988189572e+01 2.081192365980476953e-26 8.340686779969729628e-27
1.449259622746864906e+01 2.070748048643452671e-26 8.579156375158046191e-27
1.463825046091054638e+01 2.110974562216210334e-26 8.825101306698811824e-27
1.478536855599507582e+01 2.180830808973129594e-26 9.078616187823380383e-27
1.493396522489954670e+01 2.516535210617643728e-26 9.339764950292536883e-27
1.508405532766235879e+01 2.172479729061619458e-26 9.608451035804639013e-27
1.523565387366901547e+01 2.241651786786839861e-26 9.884728801681737871e-27
1.538877602315312565e+01 2.247843371405236711e-26 1.016847544802783194e-26
1.554343708871245333e+01 2.303500082321170259e-26 1.045960644375289915e-26
1.569965253684021889e+01 2.459824947152967868e-26 1.075802899807098100e-26
1.585743798947178007e+01 2.774669656192840273e-26 1.106366311791305353e-26
1.601680922554687214e+01 3.251540261146527660e-26 1.137645076534568493e-26
1.617778218258754208e+01 3.006264691242009893e-26 1.169629879796754410e-26
1.634037295829193681e+01 3.614048044299770725e-26 1.202337518852865120e-26
1.650459781214412303e+01 3.780023417723401446e-26 1.235766443539963723e-26
1.667047316704004345e+01 3.820811096254570300e-26 1.269935436850714358e-26
1.683801561092989374e+01 3.460952591245327912e-26 1.304865298472502617e-26
