6.011237177826085798e+00 5.433865287828537492e-28 1.271054607237864958e-27
6.071651621824337042e+00 6.690709066703470208e-28 1.242061368491501541e-27
6.132673246164280556e+00 6.733287574456487532e-28 1.212776861369167262e-27
6.194308153160906549e+00 6.929705609436239335e-28 1.183714433662422841e-27
6.256562506459006023e+00 1.138751450008668008e-27 1.155711096015062454e-27
6.319442531649548833e+00 1.126658104898507398e-27 1.129576217412574767e-27
6.382954516892257679e+00 8.741179667428059181e-28 1.105869508076574726e-27
6.447104813544441093e+00 9.777035198127640563e-28 1.084776393250928733e-27
6.511899836796143148e+00 1.105480811786160936e-27 1.066107813061705138e-27
6.577346066311683614e+00 1.133802021019208921e-27 1.049427652487377001e-27
6.643450046877629411e+00 1.233072272133920075e-27 1.034212822848510030e-27
6.710218389057304833e+00 1.296930854972995081e-27 1.020004311603222960e-27
6.777657769851851199e+00 1.416763400228104815e-27 1.006532191621497165e-27
6.845774933367950510e+00 1.441268556397746505e-27 9.937589709608194813e-28
6.914576691492250404e+00 2.050513237762113918e-27 9.818705205218814760e-28
6.984069924572573917e+00 1.832358595296640101e-27 9.711538166008136331e-28
7.054261582105967321e+00 2.293187191813961275e-27 9.619679143748933283e-28
7.125158683433665097e+00 2.605574647191164315e-27 9.545769087662385928e-28
7.196768318443049317e+00 3.107393669616962053e-27 9.491417306538521813e-28
7.269097648276646950e+00 3.445552770082518655e-27 9.456721774021575213e-28
7.342153906048272560e+00 4.431147991360221376e-27 9.440672316286131346e-28
7.415944397566345714e+00 6.070835663262884392e-27 9.441245213786681318e-28
7.490476502064499442e+00 6.499960874664098493e-27 9.455770178827947412e-28
7.565757672939518841e+00 7.088150493413612936e-27 9.482210178179937243e-28
7.641795438496700399e+00 6.780815255286195056e-27 9.518790962831348396e-28
7.718597402702696897e+00 1.013457307712328479e-26 9.565420897270236876e-28
7.796171245945941131e+00 1.042410854208919475e-26 9.621341168353404444e-28
7.874524725804693759e+00 9.480688553139279326e-27 9.687798852650943137e-28
7.953665677822832514e+00 1.267603814837914444e-26 9.767005270601438535e-28
8.033602016293412973e+00 1.441845627477120908e-26 9.859776969037191103e-28
8.114341735050130566e+00 1.803862040177799957e-26 9.967955557335074311e-28
8.195892908266715793e+00 1.717588704132826678e-26 1.009161396359848208e-27
8.278263691264371005e+00 1.920126846271587998e-26 1.023206218144806190e-27
8.361462321327326919e+00 2.080017395124249741e-26 1.038855389848923168e-27
8.445497118526597902e+00 2.108901872165202892e-26 1.056013507704198056e-27
8.530376486551993764e+00 2.152439491478861432e-26 1.074577941757705386e-27
8.616108913552515958e+00 2.300349565995076022e-26 1.094422944836302589e-27
8.702702972985203900e+00 2.354695245867593497e-26 1.115395663671904048e-27
8.790167324472491828e+00 2.382046318092008609e-26 1.137405819158349641e-27
8.878510714668193415e+00 2.534031417184370858e-26 1.160417322007303790e-27
8.967741978132194092e+00 2.626804876240678231e-26 1.184406319837185855e-27
9.057870038213927444e+00 2.655372439304725746e-26 1.209421106643858313e-27
9.148903907944720970e+00 2.779129610104817696e-26 1.235569386601360078e-27
9.240852690939139080e+00 2.805805049480856174e-26 1.262945722089051769e-27
9.333725582305360646e+00 2.730654401175347216e-26 1.291675158696109832e-27
9.427531869564711897e+00 1.898210089995472204e-26 1.321806421994503025e-27
9.522280933580438145e+00 1.711860037022599564e-26 1.353581836393067879e-27
9.617982249495819147e+00 2.081577289413939221e-26 1.387049099637588875e-27
9.714645387681708044e+00 2.024101703851795957e-26 1.422130134618735212e-27
9.812280014693582686e+00 2.254159068829732684e-26 1.458880692865651751e-27
9.910895894238242576e+00 2.789255045625937039e-26 1.497251918016483652e-27
1.001050288815018519e+01 3.230005925984259071e-26 1.537132431638488512e-27
1.011111095737782684e+01 3.484503311149865204e-26 1.578430516500163469e-27
1.021273016297961433e+01 3.546794128951756662e-26 1.621065009277513982e-27
1.031537066713016237e+01 3.621824011481190807e-26 1.664988706429105691e-27
1.041904273413649662e+01 3.755702778861627868e-26 1.710165867967537432e-27
1.052375673146450019e+01 3.756161691855143687e-26 1.756574622444372402e-27
1.062952313077570388e+01 3.884117284989861310e-26 1.804269768456832745e-27
1.073635250897445381e+01 3.987408298840726770e-26 1.853307653084307487e-27
1.084425554926565560e+01 4.005023132993006185e-26 1.903784607951280886e-27
1.095324304222309841e+01 4.087696539268751409e-26 1.955837345383388091e-27
1.106332588686855622e+01 4.202248386891794958e-26 2.009600594193202683e-27
1.117451509176170710e+01 4.273192335345328224e-26 2.065208015441158660e-27
1.128682177610102144e+01 4.245572870192327354e-26 2.122786435096163390e-27
1.140025717083570456e+01 4.371571438638834558e-26 2.182467267571772216e-27
1.151483261978882666e+01 4.394124581155248040e-26 2.244319058350034262e-27
1.163055958079172569e+01 4.534520234286926443e-26 2.308415737438803286e-27
1.174744962682983562e+01 4.358998937574345281e-26 2.374753931320386212e-27
1.186551444719998649e+01 4.587190041523506994e-26 2.443380930143723780e-27
1.198476584867938044e+01 4.716286354123171760e-26 2.514233797561387184e-27
1.210521575670631123e+01 4.670073739535168784e-26 2.587267486255394146e-27
1.222687621657270718e+01 4.721815655680743308e-26 2.662429367785354191e-27
1.234975939462871430e+01 4.739344237412953229e-26 2.739658292318801548e-27
1.247387757949935327e+01 4.491228537527206870e-26 2.818888948186882032e-27
1.259924318331341730e+01 4.435802113817409661e-26 2.900116006375574362e-27
1.272586874294470682e+01 4.796834526858658089e-26 2.983342506729222593e-27
1.285376692126576259e+01 4.713248256150742600e-26 3.068536310803966329e-27
1.298295050841416298e+01 4.804736111133152988e-26 3.155787529974961427e-27
1.311343242307159151e+01 4.738018264667979185e-26 3.245162552301212193e-27
1.324522571375572966e+01 4.133896241784940185e-26 3.336757455433345169e-27
1.337834356012513304e+01 3.779067771126966552e-26 3.430760946839621518e-27
1.351279927429724736e+01 3.172516394197392389e-26 3.527309234509457135e-27
1.364860630217962978e+01 3.148929953547697088e-26 3.626625258558133530e-27
1.378577822481460124e+01 3.489025983902014379e-26 3.728878731316802459e-27
1.392432875973736195e+01 2.568796038143847276e-26 3.834164248847795105e-27
1.406427176234778820e+01 2.599653293769368532e-26 3.942768342055858679e-27
1.420562122729600674e+01 2.213253248343544569e-26 4.054772841351795786e-27
1.434839128988189572e+01 2.081192365980476953e-26 4.170343389984864814e-27
1.449259622746864906e+01 2.070748048643452671e-26 4.289578187579023096e-27
1.463825046091054638e+01 2.110974562216210334e-26 4.412550653349405912e-27
1.478536855599507582e+01 2.180830808973129594e-26 4.539308093911690192e-27
1.493396522489954670e+01 2.516535210617643728e-26 4.669882475146268441e-27
1.508405532766235879e+01 2.172479729061619458e-26 4.804225517902319506e-27
1.523565387366901547e+01 2.241651786786839861e-26 4.942364400840868935e-27
1.538877602315312565e+01 2.247843371405236711e-26 5.084237724013915968e-27
1.554343708871245333e+01 2.303500082321170259e-26 5.229803221876449574e-27
1.569965253684021889e+01 2.459824947152967868e-26 5.379014499035490501e-27
1.585743798947178007e+01 2.774669656192840273e-26 5.531831558956526766e-27
1.601680922554687214e+01 3.251540261146527660e-26 5.688225382672842464e-27
1.617778218258754208e+01 3.006264691242009893e-26 5.848149398983772049e-27
1.634037295829193681e+01 3.614048044299770725e-26 6.011687594264325599e-27
1.650459781214412303e+01 3.780023417723401446e-26 6.178832217699818617e-27
1.667047316704004345e+01 3.820811096254570300e-26 6.349677184253571792e-27
1.683801561092989374e+01 3.460952591245327912e-26 6.524326492362513086e-27
