6.102423328488985277e+00 6.712346646107904360e-28 1.637523909427067026e-27
6.225704607852399874e+00 9.148089903756794262e-28 1.560264878258874376e-27
6.351476418112044442e+00 1.001088212525363675e-27 1.490743210593860853e-27
6.479789073023398238e+00 1.041344837309459955e-27 1.434424685567205281e-27
6.610693902781446418e+00 1.183271505968942050e-27 1.389760732499305102e-27
6.744243274554809986e+00 1.356642852502327842e-27 1.351766110147380808e-27
6.880490613434703917e+00 1.744491210839796466e-27 1.317758303342848631e-27
7.019490423807122070e+00 2.061767726221630737e-27 1.289309629323594161e-27
7.161298311156762075e+00 2.855434492719544698e-27 1.269671188191368307e-27
7.305971004311444972e+00 3.936170787143144897e-27 1.260412075852832054e-27
7.453566378135917603e+00 6.284782683679629246e-27 1.260490264160413044e-27
7.604143476684118497e+00 6.935759267638449148e-27 1.267499152549823937e-27
7.757762536819151400e+00 1.027937509091081189e-26 1.279901659375990264e-27
7.914485012310447765e+00 1.107119703044682618e-26 1.297754843605591392e-27
8.074373598417727393e+00 1.622070045066093602e-26 1.322613225645785203e-27
8.237492256971624016e+00 1.818488273930895537e-26 1.355716822564390849e-27
8.403906241960948265e+00 2.094546087590501682e-26 1.397469091131065914e-27
8.573682125636926443e+00 2.226194504358432448e-26 1.446994456923235918e-27
8.746887825144744610e+00 2.368484189158000364e-26 1.502953703997663782e-27
8.923592629693123612e+00 2.580385551874208061e-26 1.564364485578646447e-27
9.103867228272784828e+00 2.717152894650733805e-26 1.631180503650479038e-27
9.287783737934859118e+00 2.768634251890569930e-26 1.704302456472761394e-27
9.475415732640614763e+00 1.805643135847117963e-26 1.784868977870849857e-27
9.666838272693958345e+00 2.053145900598982041e-26 1.874150290979469559e-27
9.862127934768585291e+00 2.520570336680257686e-26 1.972236337585665901e-27
1.006136284254168878e+01 3.356887770546749209e-26 2.078655462284175160e-27
1.026462269794656912e+01 3.584410942235266546e-26 2.192445162758984403e-27
1.047198881305659945e+01 3.756236288070209038e-26 2.313015860847709250e-27
1.068354414261330021e+01 3.935826324242888857e-26 2.440334981038512908e-27
1.089937331721154656e+01 4.046485982303670752e-26 2.575116860251527071e-27
1.111956267715521562e+01 4.237893693445152735e-26 2.718666851858816008e-27
1.134420030699673632e+01 4.308615856850283821e-26 2.872410571233522260e-27
1.157337607077444908e+01 4.464345314313123675e-26 3.037541616935930435e-27
1.180718164796181036e+01 4.472900860484247899e-26 3.214648853934852842e-27
1.204571057014285707e+01 4.693693375990203934e-26 3.403752012477308715e-27
1.228905825842857169e+01 4.730939444823905102e-26 3.604354498071065853e-27
1.253732206162914942e+01 4.464036689594967266e-26 3.815837971571840389e-27
1.279060129519741551e+01 4.755660540032959327e-26 4.037948933783388939e-27
1.304899728095897871e+01 4.771957956996399268e-26 4.270846559868226605e-27
1.331261338764501900e+01 3.957714394100561821e-26 4.515403153561049471e-27
1.358155507224390846e+01 3.161059527630017338e-26 4.773196963580573135e-27
1.385592992218822950e+01 3.031479118390173888e-26 5.046136776639428381e-27
1.413584769839405375e+01 2.407632952128905546e-26 5.336031775164319155e-27
1.442142037916968889e+01 2.076181620348202338e-26 5.644550234530784536e-27
1.471276220501150434e+01 2.145920644475226152e-26 5.972810188281589311e-27
1.500998972430466516e+01 2.345579300467651922e-26 6.321311738872657456e-27
1.531322183994718245e+01 2.244935831290489753e-26 6.690002653942361311e-27
1.562257985691581297e+01 2.381489016854459520e-26 7.078524129560534845e-27
1.593818753079290218e+01 3.012189154796287231e-26 7.486401123477197191e-27
1.626017111727356479e+01 3.308942163980828113e-26 7.913304217933192030e-27
1.658865942267303240e+01 3.800667805071441744e-26 8.359464435263613863e-27
1.692378385545430675e+01 3.981806640113632227e-26 8.825719760874317885e-27
