3.076923076923077094e+00 6.685175651782414087e-30 1.594069110551947666e-26
3.234714003944773264e+00 1.262921616123250460e-29 1.481386876303808054e-26
3.400596773377838389e+00 3.641127590824496915e-29 1.311930543223281865e-26
3.574986351499779058e+00 8.499736217004481119e-29 1.172701797470156292e-26
3.758318984910023808e+00 1.512812386360408777e-28 1.015618536556624699e-26
3.951053291828486635e+00 2.328311971779861317e-28 8.562945983746930334e-27
4.153671409358151045e+00 1.770978928824030529e-28 7.279101749699935931e-27
4.366680199581646882e+00 2.137651963654498699e-28 6.425377295313130823e-27
4.590612517508911417e+00 7.592015309218998278e-28 5.964624960075734594e-27
4.826028544047828994e+00 9.925575511513420232e-28 5.806055839935013656e-27
5.073517187332332590e+00 1.188112985123932169e-27 5.823706676691246166e-27
5.333697555913478716e+00 7.624714952633416022e-28 5.855317545614332749e-27
5.607220507498785089e+00 4.700770968710169563e-28 5.806899228403991242e-27
5.894770277114107948e+00 5.045219892941879330e-28 5.663908450525344418e-27
6.197066188760985028e+00 8.578663530211887703e-28 5.278039449868964784e-27
6.514864454851291953e+00 1.063676626767850153e-27 4.744527563443347310e-27
6.848960067920588202e+00 1.605063818387161862e-27 4.411533178131384630e-27
7.200188789352414354e+00 3.168173320872909689e-27 4.102921599081752750e-27
7.569429240088434874e+00 7.302372271581087112e-27 3.846786670278741148e-27
7.957605098554507705e+00 1.297504714398162524e-26 3.724783002083863904e-27
8.365687411300893217e+00 1.994900393231808436e-26 3.595474037336969455e-27
8.794697022136837461e+00 2.439423290610308042e-26 3.589650339741809397e-27
9.245707125836160500e+00 2.578551260785033262e-26 3.591793209725873457e-27
9.719845952802119271e+00 2.168919437311287841e-26 3.693207889137211173e-27
1.021829959140735511e+01 3.527661678007732030e-26 3.827387311074550564e-27
1.074231495506927025e+01 3.945095693907639011e-26 4.028758312646622241e-27
1.129320290148307926e+01 4.299237165190902392e-26 4.299237165190902392e-27
1.187234151181554331e+01 4.575246918739038386e-26 4.606490253478905906e-27
1.248117953806249680e+01 4.640499400845518904e-26 5.003032675367889161e-27
1.312124002719390603e+01 4.441944257336923526e-26 5.461212722504245804e-27
1.379412413115256619e+01 3.001340242042997446e-26 5.976815670630084713e-27
1.450151511223731404e+01 2.132999496620078476e-26 6.596802376485296139e-27
1.524518255389051191e+01 2.298777327145675213e-26 7.308986141832399354e-27
1.602698678742335403e+01 3.018406625842359638e-26 8.095966920553815863e-27
1.684888354575276281e+01 3.911190805063413740e-26 9.000156370865123444e-27
1.771292885579136822e+01 4.581706118676534278e-26 1.005395168318731537e-26
1.862128418172938282e+01 4.437336244673056001e-26 1.123826640780826573e-26
1.954340814313631114e+01 3.932162639125077703e-26 1.292879386724997614e-26
