3.076923076923077094e+00 6.685175651782414087e-30 7.970345552759738330e-27
3.234714003944773264e+00 1.262921616123250460e-29 7.406934381519040268e-27
3.400596773377838389e+00 3.641127590824496915e-29 6.559652716116409325e-27
3.574986351499779058e+00 8.499736217004481119e-29 5.863508987350781462e-27
3.758318984910023808e+00 1.512812386360408777e-28 5.078092682783123493e-27
3.951053291828486635e+00 2.328311971779861317e-28 4.281472991873465167e-27
4.153671409358151045e+00 1.770978928824030529e-28 3.639550874849967966e-27
4.366680199581646882e+00 2.137651963654498699e-28 3.212688647656565412e-27
4.590612517508911417e+00 7.592015309218998278e-28 2.982312480037867297e-27
4.826028544047828994e+00 9.925575511513420232e-28 2.903027919967506828e-27
5.073517187332332590e+00 1.188112985123932169e-27 2.911853338345623083e-27
5.333697555913478716e+00 7.624714952633416022e-28 2.927658772807166374e-27
5.607220507498785089e+00 4.700770968710169563e-28 2.903449614201995621e-27
5.894770277114107948e+00 5.045219892941879330e-28 2.831954225262672209e-27
6.197066188760985028e+00 8.578663530211887703e-28 2.639019724934482392e-27
6.514864454851291953e+00 1.063676626767850153e-27 2.372263781721673655e-27
6.848960067920588202e+00 1.605063818387161862e-27 2.205766589065692315e-27
7.200188789352414354e+00 3.168173320872909689e-27 2.051460799540876375e-27
7.569429240088434874e+00 7.302372271581087112e-27 1.923393335139370574e-27
7.957605098554507705e+00 1.297504714398162524e-26 1.862391501041931952e-27
8.365687411300893217e+00 1.994900393231808436e-26 1.797737018668484727e-27
8.794697022136837461e+00 2.439423290610308042e-26 1.794825169870904698e-27
9.245707125836160500e+00 2.578551260785033262e-26 1.795896604862936729e-27
9.719845952802119271e+00 2.168919437311287841e-26 1.846603944568605586e-27
1.021829959140735511e+01 3.527661678007732030e-26 1.913693655537275282e-27
1.074231495506927025e+01 3.945095693907639011e-26 2.014379156323311120e-27
1.129320290148307926e+01 4.299237165190902392e-26 2.149618582595451196e-27
1.187234151181554331e+01 4.575246918739038386e-26 2.303245126739452953e-27
1.248117953806249680e+01 4.640499400845518904e-26 2.501516337683944580e-27
1.312124002719390603e+01 4.441944257336923526e-26 2.730606361252122902e-27
1.379412413115256619e+01 3.001340242042997446e-26 2.988407835315042356e-27
1.450151511223731404e+01 2.132999496620078476e-26 3.298401188242648070e-27
1.524518255389051191e+01 2.298777327145675213e-26 3.654493070916199677e-27
1.602698678742335403e+01 3.018406625842359638e-26 4.047983460276907931e-27
1.684888354575276281e+01 3.911190805063413740e-26 4.500078185432561722e-27
1.771292885579136822e+01 4.581706118676534278e-26 5.026975841593657685e-27
1.862128418172938282e+01 4.437336244673056001e-26 5.619133203904132867e-27
1.954340814313631114e+01 3.932162639125077703e-26 6.464396933624988068e-27
