6.011237177826085798e+00 5.433865287828537492e-28 1.072925774278917186e-26
6.071651621824337042e+00 6.690709066703470208e-28 1.059529170121294191e-26
6.132673246164280556e+00 6.733287574456487532e-28 1.052044522722241599e-26
6.194308153160906549e+00 6.929705609436239335e-28 1.043706227863263806e-26
6.256562506459006023e+00 1.138751450008668008e-27 1.028385828068148966e-26
6.319442531649548833e+00 1.126658104898507398e-27 1.005240117154750711e-26
6.382954516892257679e+00 8.741179667428059181e-28 9.789304448716650842e-27
6.447104813544441093e+00 9.777035198127640563e-28 9.555025707846855524e-27
6.511899836796143148e+00 1.105480811786160936e-27 9.383784379943853518e-27
6.577346066311683614e+00 1.133802021019208921e-27 9.270447226685984136e-27
6.643450046877629411e+00 1.233072272133920075e-27 9.179850251809078538e-27
6.710218389057304833e+00 1.296930854972995081e-27 9.069545432439686732e-27
6.777657769851851199e+00 1.416763400228104815e-27 8.916136003659454210e-27
6.845774933367950510e+00 1.441268556397746505e-27 8.728459483893373230e-27
6.914576691492250404e+00 2.050513237762113918e-27 8.537737430588478891e-27
6.984069924572573917e+00 1.832358595296640101e-27 8.375315429450074461e-27
7.054261582105967321e+00 2.293187191813961275e-27 8.256389585177583204e-27
7.125158683433665097e+00 2.605574647191164315e-27 8.175554464621255550e-27
7.196768318443049317e+00 3.107393669616962053e-27 8.112403177576570737e-27
7.269097648276646950e+00 3.445552770082518655e-27 8.042700418825877705e-27
7.342153906048272560e+00 4.431147991360221376e-27 7.951012841573422321e-27
7.415944397566345714e+00 6.070835663262884392e-27 7.837893581530401749e-27
7.490476502064499442e+00 6.499960874664098493e-27 7.717402668846289715e-27
7.565757672939518841e+00 7.088150493413612936e-27 7.607922696343646559e-27
7.641795438496700399e+00 6.780815255286195056e-27 7.522507014569414735e-27
7.718597402702696897e+00 1.013457307712328479e-26 7.464484000228547522e-27
7.796171245945941131e+00 1.042410854208919475e-26 7.426948270287829929e-27
7.874524725804693759e+00 9.480688553139279326e-27 7.397540801381612632e-27
7.953665677822832514e+00 1.267603814837914444e-26 7.363956396087036370e-27
8.033602016293412973e+00 1.441845627477120908e-26 7.318680261471133772e-27
8.114341735050130566e+00 1.803862040177799957e-26 7.262506829717181624e-27
8.195892908266715793e+00 1.717588704132826678e-26 7.202355935718695496e-27
8.278263691264371005e+00 1.920126846271587998e-26 7.148279008464489687e-27
8.361462321327326919e+00 2.080017395124249741e-26 7.108065300499832744e-27
8.445497118526597902e+00 2.108901872165202892e-26 7.085179333026748835e-27
8.530376486551993764e+00 2.152439491478861432e-26 7.078204974516085614e-27
8.616108913552515958e+00 2.300349565995076022e-26 7.081897962541686947e-27
8.702702972985203900e+00 2.354695245867593497e-26 7.089344680101049494e-27
8.790167324472491828e+00 2.382046318092008609e-26 7.094756613924769078e-27
8.878510714668193415e+00 2.534031417184370858e-26 7.095355873218997889e-27
8.967741978132194092e+00 2.626804876240678231e-26 7.091872694263942786e-27
9.057870038213927444e+00 2.655372439304725746e-26 7.088012440655638066e-27
9.148903907944720970e+00 2.779129610104817696e-26 7.088773755730559897e-27
9.240852690939139080e+00 2.805805049480856174e-26 7.098449814323508162e-27
9.333725582305360646e+00 2.730654401175347216e-26 7.119584124359005911e-27
9.427531869564711897e+00 1.898210089995472204e-26 7.152136490359098486e-27
9.522280933580438145e+00 1.711860037022599564e-26 7.194786794754975507e-27
9.617982249495819147e+00 2.081577289413939221e-26 7.244278153276176559e-27
9.714645387681708044e+00 2.024101703851795957e-26 7.296725263069414884e-27
9.812280014693582686e+00 2.254159068829732684e-26 7.349631349528505721e-27
9.910895894238242576e+00 2.789255045625937039e-26 7.401679254755256529e-27
1.001050288815018519e+01 3.230005925984259071e-26 7.453078560390339116e-27
1.011111095737782684e+01 3.484503311149865204e-26 7.505552882549906077e-27
1.021273016297961433e+01 3.546794128951756662e-26 7.561616877960817957e-27
1.031537066713016237e+01 3.621824011481190807e-26 7.623870831193477578e-27
1.041904273413649662e+01 3.755702778861627868e-26 7.694234289117027076e-27
1.052375673146450019e+01 3.756161691855143687e-26 7.773535647300911782e-27
1.062952313077570388e+01 3.884117284989861310e-26 7.861646437228867910e-27
1.073635250897445381e+01 3.987408298840726770e-26 7.957345579309459284e-27
1.084425554926565560e+01 4.005023132993006185e-26 8.058842703794639695e-27
1.095324304222309841e+01 4.087696539268751409e-26 8.164265810751525166e-27
1.106332588686855622e+01 4.202248386891794958e-26 8.271982764711233598e-27
1.117451509176170710e+01 4.273192335345328224e-26 8.380997722918195402e-27
1.128682177610102144e+01 4.245572870192327354e-26 8.491145740384653561e-27
1.140025717083570456e+01 4.371571438638834558e-26 8.603152683161872163e-27
1.151483261978882666e+01 4.394124581155248040e-26 8.718193099831204887e-27
1.163055958079172569e+01 4.534520234286926443e-26 8.837883258882419281e-27
1.174744962682983562e+01 4.358998937574345281e-26 8.963621349993430434e-27
1.186551444719998649e+01 4.587190041523506994e-26 9.096821858525974797e-27
1.198476584867938044e+01 4.716286354123171760e-26 9.238046419996563506e-27
1.210521575670631123e+01 4.670073739535168784e-26 9.387664768096248253e-27
1.222687621657270718e+01 4.721815655680743308e-26 9.544767581023983925e-27
1.234975939462871430e+01 4.739344237412953229e-26 9.708724123624560427e-27
1.247387757949935327e+01 4.491228537527206870e-26 9.878360095917170415e-27
1.259924318331341730e+01 4.435802113817409661e-26 1.005265575817413831e-26
1.272586874294470682e+01 4.796834526858658089e-26 1.023071363029495202e-26
1.285376692126576259e+01 4.713248256150742600e-26 1.041172230862910643e-26
1.298295050841416298e+01 4.804736111133152988e-26 1.059569699039055322e-26
1.311343242307159151e+01 4.738018264667979185e-26 1.078288592878814592e-26
1.324522571375572966e+01 4.133896241784940185e-26 1.097393805439719434e-26
1.337834356012513304e+01 3.779067771126966552e-26 1.117006138192248346e-26
1.351279927429724736e+01 3.172516394197392389e-26 1.137228469509701568e-26
1.364860630217962978e+01 3.148929953547697088e-26 1.158190855284053397e-26
1.378577822481460124e+01 3.489025983902014379e-26 1.179980910598169313e-26
1.392432875973736195e+01 2.568796038143847276e-26 1.202627204938994585e-26
1.406427176234778820e+01 2.599653293769368532e-26 1.226208769014228905e-26
1.420562122729600674e+01 2.213253248343544569e-26 1.250690162678518025e-26
1.434839128988189572e+01 2.081192365980476953e-26 1.276048746934794040e-26
1.449259622746864906e+01 2.070748048643452671e-26 1.302220267977253403e-26
1.463825046091054638e+01 2.110974562216210334e-26 1.329128130328953551e-26
1.478536855599507582e+01 2.180830808973129594e-26 1.356694838235888978e-26
1.493396522489954670e+01 2.516535210617643728e-26 1.384857717865301734e-26
1.508405532766235879e+01 2.172479729061619458e-26 1.413550342096155377e-26
1.523565387366901547e+01 2.241651786786839861e-26 1.442773893067063578e-26
1.538877602315312565e+01 2.247843371405236711e-26 1.472529090526488100e-26
1.554343708871245333e+01 2.303500082321170259e-26 1.502858870305830266e-26
1.569965253684021889e+01 2.459824947152967868e-26 1.533831788075669406e-26
1.585743798947178007e+01 2.774669656192840273e-26 1.565536778835368511e-26
1.601680922554687214e+01 3.251540261146527660e-26 1.598073621169775923e-26
1.617778218258754208e+01 3.006264691242009893e-26 1.631528818716140961e-26
1.634037295829193681e+01 3.614048044299770725e-26 1.666027298703796982e-26
1.650459781214412303e+01 3.780023417723401446e-26 1.701628285282848845e-26
1.667047316704004345e+01 3.820811096254570300e-26 1.738400361471697137e-26
1.683801561092989374e+01 3.460952591245327912e-26 1.776378177111338907e-26
