4.009521704083822691e+00 2.558837977542253490e-28 3.423550263210080241e-27
4.090522142550161888e+00 2.544756978737136417e-28 3.264731701404640828e-27
4.173158953510770708e+00 1.651360015197324894e-28 3.134100055302301472e-27
4.257465194995837088e+00 4.261482488974311776e-29 3.060867365717825774e-27
4.343474592874541074e+00 5.282141060223519160e-29 2.920919879909938977e-27
4.431221554346754132e+00 4.653796693664701445e-28 2.743572165532719393e-27
4.520741181707295553e+00 6.496732206889684922e-28 2.624610149176131989e-27
4.612069286388249978e+00 7.992701573083511610e-28 2.528959255241913719e-27
4.705242403284982444e+00 8.858122046636204764e-28 2.392446917059429841e-27
4.800297805371548598e+00 8.857130847387762769e-28 2.249613114209580111e-27
4.897273518611378051e+00 1.164768824725618423e-27 2.146089795196651217e-27
4.996208337169183444e+00 1.153873322522386685e-27 2.058922457767218515e-27
5.097141838930177471e+00 1.200389128432577760e-27 1.951791394368338736e-27
5.200114401332808001e+00 9.040799857992405657e-28 1.836907178117894504e-27
5.305167217521349343e+00 9.404106311206772417e-28 1.742072941588988410e-27
5.412342312824811152e+00 6.779469631054461615e-28 1.664717241282256747e-27
5.521682561568746372e+00 5.733690423474496808e-28 1.584300059863758716e-27
5.633231704226702163e+00 4.023251627083464585e-28 1.496094873306053790e-27
5.747034364918150118e+00 4.283964481270145998e-28 1.413504813091354421e-27
5.863136069259931027e+00 4.880768992958803413e-28 1.345185153076419703e-27
5.981583262578313409e+00 5.413875385857018052e-28 1.286195839080767328e-27
6.102423328488985277e+00 6.712346646107904360e-28 1.228142932070300180e-27
6.225704607852399874e+00 9.148089903756794262e-28 1.170198658694155513e-27
6.351476418112044442e+00 1.001088212525363675e-27 1.118057407945395461e-27
6.479789073023398238e+00 1.041344837309459955e-27 1.075818514175404095e-27
6.610693902781446418e+00 1.183271505968942050e-27 1.042320549374478558e-27
6.744243274554809986e+00 1.356642852502327842e-27 1.013824582610535471e-27
6.880490613434703917e+00 1.744491210839796466e-27 9.883187275071364282e-28
7.019490423807122070e+00 2.061767726221630737e-27 9.669822219926956208e-28
7.161298311156762075e+00 2.855434492719544698e-27 9.522533911435260512e-28
7.305971004311444972e+00 3.936170787143144897e-27 9.453090568896240854e-28
7.453566378135917603e+00 6.284782683679629246e-27 9.453676981203093347e-28
7.604143476684118497e+00 6.935759267638449148e-27 9.506243644123679527e-28
7.757762536819151400e+00 1.027937509091081189e-26 9.599262445319926533e-28
7.914485012310447765e+00 1.107119703044682618e-26 9.733161327041932303e-28
8.074373598417727393e+00 1.622070045066093602e-26 9.919599192343389023e-28
8.237492256971624016e+00 1.818488273930895537e-26 1.016787616923293316e-27
8.403906241960948265e+00 2.094546087590501682e-26 1.048101818348299525e-27
8.573682125636926443e+00 2.226194504358432448e-26 1.085245842692426759e-27
8.746887825144744610e+00 2.368484189158000364e-26 1.127215277998247522e-27
8.923592629693123612e+00 2.580385551874208061e-26 1.173273364183984701e-27
9.103867228272784828e+00 2.717152894650733805e-26 1.223385377737859189e-27
9.287783737934859118e+00 2.768634251890569930e-26 1.278226842354570866e-27
9.475415732640614763e+00 1.805643135847117963e-26 1.338651733403137572e-27
9.666838272693958345e+00 2.053145900598982041e-26 1.405612718234601900e-27
9.862127934768585291e+00 2.520570336680257686e-26 1.479177253189249157e-27
1.006136284254168878e+01 3.356887770546749209e-26 1.558991596713131280e-27
1.026462269794656912e+01 3.584410942235266546e-26 1.644333872069238392e-27
1.047198881305659945e+01 3.756236288070209038e-26 1.734761895635781848e-27
1.068354414261330021e+01 3.935826324242888857e-26 1.830251235778884771e-27
1.089937331721154656e+01 4.046485982303670752e-26 1.931337645188645214e-27
1.111956267715521562e+01 4.237893693445152735e-26 2.039000138894111737e-27
1.134420030699673632e+01 4.308615856850283821e-26 2.154307928425141336e-27
1.157337607077444908e+01 4.464345314313123675e-26 2.278156212701948903e-27
1.180718164796181036e+01 4.472900860484247899e-26 2.410986640451140080e-27
1.204571057014285707e+01 4.693693375990203934e-26 2.552814009357981716e-27
1.228905825842857169e+01 4.730939444823905102e-26 2.703265873553299031e-27
1.253732206162914942e+01 4.464036689594967266e-26 2.861878478678880112e-27
1.279060129519741551e+01 4.755660540032959327e-26 3.028461700337541704e-27
1.304899728095897871e+01 4.771957956996399268e-26 3.203134919901169416e-27
1.331261338764501900e+01 3.957714394100561821e-26 3.386552365170786565e-27
1.358155507224390846e+01 3.161059527630017338e-26 3.579897722685429672e-27
1.385592992218822950e+01 3.031479118390173888e-26 3.784602582479571645e-27
1.413584769839405375e+01 2.407632952128905546e-26 4.002023831373239007e-27
1.442142037916968889e+01 2.076181620348202338e-26 4.233412675898088581e-27
1.471276220501150434e+01 2.145920644475226152e-26 4.479607641211192162e-27
1.500998972430466516e+01 2.345579300467651922e-26 4.740983804154493092e-27
1.531322183994718245e+01 2.244935831290489753e-26 5.017501990456772059e-27
1.562257985691581297e+01 2.381489016854459520e-26 5.308893097170400775e-27
1.593818753079290218e+01 3.012189154796287231e-26 5.614800842607897893e-27
1.626017111727356479e+01 3.308942163980828113e-26 5.934978163449894382e-27
1.658865942267303240e+01 3.800667805071441744e-26 6.269598326447710756e-27
1.692378385545430675e+01 3.981806640113632227e-26 6.619289820655739131e-27
1.726567847879681850e+01 4.188331432162853629e-26 6.985259815340876910e-27
1.761448006422705603e+01 4.159843696344109347e-26 7.369184028503818629e-27
1.797032814633265119e+01 5.101095931946365502e-26 7.773157315646018209e-27
1.833336507858180298e+01 4.125770498735518905e-26 8.199306755660272716e-27
