3.030303030303030276e+00 5.397942925655682794e-30 5.075338771454863192e-27
3.091521273339455256e+00 6.324220785780661712e-30 4.916069472459097139e-27
3.153976248558433504e+00 1.296970004875944133e-29 4.845900254482046891e-27
3.217692940448503514e+00 8.066338038903501662e-30 4.691424631083263298e-27
3.282696838235341641e+00 1.558087205344594764e-29 4.691340365933833770e-27
3.349013946078480242e+00 2.316981492693866077e-29 4.683476055851355467e-27
3.416670793474004597e+00 4.109764781912073986e-29 4.619071919503279262e-27
3.485694445867419500e+00 6.038549910080938932e-29 4.703250269437322261e-27
3.556112515480902569e+00 7.771719795788696793e-29 4.728492999647062655e-27
3.627953172359304812e+00 1.018799271888604650e-28 4.676911098439837290e-27
3.701245155639290907e+00 1.278924094190133900e-28 4.759415613171477299e-27
3.776017785046144937e+00 1.591637467187934835e-28 4.767231665806920026e-27
3.852300972622835218e+00 1.909463265085757140e-28 4.636211617481641020e-27
3.930125234696023817e+00 2.274056531682305668e-28 4.609006873637261594e-27
4.009521704083822691e+00 2.558837977542253490e-28 4.564733684280108184e-27
4.090522142550161888e+00 2.544756978737136417e-28 4.352975601872855873e-27
4.173158953510770708e+00 1.651360015197324894e-28 4.178800073736401962e-27
4.257465194995837088e+00 4.261482488974311776e-29 4.081156487623767698e-27
4.343474592874541074e+00 5.282141060223519160e-29 3.894559839879918636e-27
4.431221554346754132e+00 4.653796693664701445e-28 3.658096220710294198e-27
4.520741181707295553e+00 6.496732206889684922e-28 3.499480198901509319e-27
4.612069286388249978e+00 7.992701573083511610e-28 3.371945673655884959e-27
4.705242403284982444e+00 8.858122046636204764e-28 3.189929222745905737e-27
4.800297805371548598e+00 8.857130847387762769e-28 2.999484152279440267e-27
4.897273518611378051e+00 1.164768824725618423e-27 2.861453060262202579e-27
4.996208337169183444e+00 1.153873322522386685e-27 2.745229943689625284e-27
5.097141838930177471e+00 1.200389128432577760e-27 2.602388525824452246e-27
5.200114401332808001e+00 9.040799857992405657e-28 2.449209570823859459e-27
5.305167217521349343e+00 9.404106311206772417e-28 2.322763922118651692e-27
5.412342312824811152e+00 6.779469631054461615e-28 2.219622988376342807e-27
5.521682561568746372e+00 5.733690423474496808e-28 2.112400079818345433e-27
5.633231704226702163e+00 4.023251627083464585e-28 1.994793164408072198e-27
5.747034364918150118e+00 4.283964481270145998e-28 1.884673084121806253e-27
5.863136069259931027e+00 4.880768992958803413e-28 1.793580204101893297e-27
5.981583262578313409e+00 5.413875385857018052e-28 1.714927785441023702e-27
6.102423328488985277e+00 6.712346646107904360e-28 1.637523909427067026e-27
6.225704607852399874e+00 9.148089903756794262e-28 1.560264878258874376e-27
6.351476418112044442e+00 1.001088212525363675e-27 1.490743210593860853e-27
6.479789073023398238e+00 1.041344837309459955e-27 1.434424685567205281e-27
6.610693902781446418e+00 1.183271505968942050e-27 1.389760732499305102e-27
6.744243274554809986e+00 1.356642852502327842e-27 1.351766110147380808e-27
6.880490613434703917e+00 1.744491210839796466e-27 1.317758303342848631e-27
7.019490423807122070e+00 2.061767726221630737e-27 1.289309629323594161e-27
7.161298311156762075e+00 2.855434492719544698e-27 1.269671188191368307e-27
7.305971004311444972e+00 3.936170787143144897e-27 1.260412075852832054e-27
7.453566378135917603e+00 6.284782683679629246e-27 1.260490264160413044e-27
7.604143476684118497e+00 6.935759267638449148e-27 1.267499152549823937e-27
7.757762536819151400e+00 1.027937509091081189e-26 1.279901659375990264e-27
7.914485012310447765e+00 1.107119703044682618e-26 1.297754843605591392e-27
8.074373598417727393e+00 1.622070045066093602e-26 1.322613225645785203e-27
8.237492256971624016e+00 1.818488273930895537e-26 1.355716822564390849e-27
8.403906241960948265e+00 2.094546087590501682e-26 1.397469091131065914e-27
8.573682125636926443e+00 2.226194504358432448e-26 1.446994456923235918e-27
8.746887825144744610e+00 2.368484189158000364e-26 1.502953703997663782e-27
8.923592629693123612e+00 2.580385551874208061e-26 1.564364485578646447e-27
9.103867228272784828e+00 2.717152894650733805e-26 1.631180503650479038e-27
9.287783737934859118e+00 2.768634251890569930e-26 1.704302456472761394e-27
9.475415732640614763e+00 1.805643135847117963e-26 1.784868977870849857e-27
9.666838272693958345e+00 2.053145900598982041e-26 1.874150290979469559e-27
9.862127934768585291e+00 2.520570336680257686e-26 1.972236337585665901e-27
1.006136284254168878e+01 3.356887770546749209e-26 2.078655462284175160e-27
1.026462269794656912e+01 3.584410942235266546e-26 2.192445162758984403e-27
1.047198881305659945e+01 3.756236288070209038e-26 2.313015860847709250e-27
1.068354414261330021e+01 3.935826324242888857e-26 2.440334981038512908e-27
1.089937331721154656e+01 4.046485982303670752e-26 2.575116860251527071e-27
1.111956267715521562e+01 4.237893693445152735e-26 2.718666851858816008e-27
1.134420030699673632e+01 4.308615856850283821e-26 2.872410571233522260e-27
1.157337607077444908e+01 4.464345314313123675e-26 3.037541616935930435e-27
1.180718164796181036e+01 4.472900860484247899e-26 3.214648853934852842e-27
1.204571057014285707e+01 4.693693375990203934e-26 3.403752012477308715e-27
1.228905825842857169e+01 4.730939444823905102e-26 3.604354498071065853e-27
1.253732206162914942e+01 4.464036689594967266e-26 3.815837971571840389e-27
1.279060129519741551e+01 4.755660540032959327e-26 4.037948933783388939e-27
1.304899728095897871e+01 4.771957956996399268e-26 4.270846559868226605e-27
1.331261338764501900e+01 3.957714394100561821e-26 4.515403153561049471e-27
1.358155507224390846e+01 3.161059527630017338e-26 4.773196963580573135e-27
1.385592992218822950e+01 3.031479118390173888e-26 5.046136776639428381e-27
1.413584769839405375e+01 2.407632952128905546e-26 5.336031775164319155e-27
1.442142037916968889e+01 2.076181620348202338e-26 5.644550234530784536e-27
1.471276220501150434e+01 2.145920644475226152e-26 5.972810188281589311e-27
1.500998972430466516e+01 2.345579300467651922e-26 6.321311738872657456e-27
1.531322183994718245e+01 2.244935831290489753e-26 6.690002653942361311e-27
1.562257985691581297e+01 2.381489016854459520e-26 7.078524129560534845e-27
1.593818753079290218e+01 3.012189154796287231e-26 7.486401123477197191e-27
1.626017111727356479e+01 3.308942163980828113e-26 7.913304217933192030e-27
1.658865942267303240e+01 3.800667805071441744e-26 8.359464435263613863e-27
1.692378385545430675e+01 3.981806640113632227e-26 8.825719760874317885e-27
1.726567847879681850e+01 4.188331432162853629e-26 9.313679753787836359e-27
1.761448006422705603e+01 4.159843696344109347e-26 9.825578704671760564e-27
1.797032814633265119e+01 5.101095931946365502e-26 1.036420975419468951e-26
1.833336507858180298e+01 4.125770498735518905e-26 1.093240900754702981e-26
1.870373609027032202e+01 4.955397944723752669e-26 1.153333101891828196e-26
1.908158934461921774e+01 4.155874310649085571e-26 1.216953032726365656e-26
1.946707599804586764e+01 4.061036599824761067e-26 1.284339390271076869e-26
1.983087337901316261e+01 3.550174344068033889e-26 1.462077072020659965e-26
