6.102423328488985277e+00 6.712346646107904360e-28 3.546569256340338564e-27
6.225704607852399874e+00 9.148089903756794262e-28 3.484946063961211624e-27
6.351476418112044442e+00 1.001088212525363675e-27 3.333341885262613710e-27
6.479789073023398238e+00 1.041344837309459955e-27 3.178997169734820201e-27
6.610693902781446418e+00 1.183271505968942050e-27 3.099900806724612347e-27
6.744243274554809986e+00 1.356642852502327842e-27 3.023593882946459335e-27
6.880490613434703917e+00 1.744491210839796466e-27 2.900136314442642087e-27
7.019490423807122070e+00 2.061767726221630737e-27 2.792417039132526611e-27
7.161298311156762075e+00 2.855434492719544698e-27 2.736423841934942599e-27
7.305971004311444972e+00 3.936170787143144897e-27 2.688180867385686051e-27
7.453566378135917603e+00 6.284782683679629246e-27 2.613321947867400000e-27
7.604143476684118497e+00 6.935759267638449148e-27 2.540929838523122335e-27
7.757762536819151400e+00 1.027937509091081189e-26 2.501403799352121061e-27
7.914485012310447765e+00 1.107119703044682618e-26 2.480602528064203162e-27
8.074373598417727393e+00 1.622070045066093602e-26 2.450211005708634497e-27
8.237492256971624016e+00 1.818488273930895537e-26 2.410684047152467145e-27
8.403906241960948265e+00 2.094546087590501682e-26 2.384013519043619686e-27
8.573682125636926443e+00 2.226194504358432448e-26 2.378933296495937254e-27
8.746887825144744610e+00 2.368484189158000364e-26 2.383446978311255618e-27
8.923592629693123612e+00 2.580385551874208061e-26 2.383888869533060767e-27
9.103867228272784828e+00 2.717152894650733805e-26 2.381738982544740440e-27
9.287783737934859118e+00 2.768634251890569930e-26 2.388504043632017668e-27
9.475415732640614763e+00 1.805643135847117963e-26 2.410362829844179170e-27
9.666838272693958345e+00 2.053145900598982041e-26 2.443284091620740687e-27
9.862127934768585291e+00 2.520570336680257686e-26 2.478729485294710409e-27
1.006136284254168878e+01 3.356887770546749209e-26 2.513422199506075179e-27
1.026462269794656912e+01 3.584410942235266546e-26 2.551354112522892584e-27
1.047198881305659945e+01 3.756236288070209038e-26 2.598750257416062648e-27
1.068354414261330021e+01 3.935826324242888857e-26 2.657899723900245286e-27
1.089937331721154656e+01 4.046485982303670752e-26 2.725984098940914044e-27
1.111956267715521562e+01 4.237893693445152735e-26 2.798303520722047371e-27
1.134420030699673632e+01 4.308615856850283821e-26 2.872410571233522260e-27
1.157337607077444908e+01 4.464345314313123675e-26 2.949891818906030404e-27
1.180718164796181036e+01 4.472900860484247899e-26 3.034571306884493208e-27
1.204571057014285707e+01 4.693693375990203934e-26 3.129535742721042855e-27
1.228905825842857169e+01 4.730939444823905102e-26 3.235173428748676298e-27
1.253732206162914942e+01 4.464036689594967266e-26 3.349136154146770986e-27
1.279060129519741551e+01 4.755660540032959327e-26 3.468740341371182107e-27
1.304899728095897871e+01 4.771957956996399268e-26 3.592421307490558151e-27
1.331261338764501900e+01 3.957714394100561821e-26 3.720970106473139533e-27
1.358155507224390846e+01 3.161059527630017338e-26 3.857046507836456644e-27
1.385592992218822950e+01 3.031479118390173888e-26 4.003537143908055630e-27
1.413584769839405375e+01 2.407632952128905546e-26 4.162022803351102904e-27
1.442142037916968889e+01 2.076181620348202338e-26 4.332446805654327869e-27
1.471276220501150434e+01 2.145920644475226152e-26 4.513267331244881026e-27
1.500998972430466516e+01 2.345579300467651922e-26 4.702510495482166762e-27
1.531322183994718245e+01 2.244935831290489753e-26 4.898945396204501229e-27
1.562257985691581297e+01 2.381489016854459520e-26 5.102885821859056366e-27
1.593818753079290218e+01 3.012189154796287231e-26 5.316104112047279943e-27
1.626017111727356479e+01 3.308942163980828113e-26 5.541141793010711477e-27
1.658865942267303240e+01 3.800667805071441744e-26 5.780543944709612551e-27
1.692378385545430675e+01 3.981806640113632227e-26 6.035927040830109458e-27
