6.197066188760985028e+00 8.578663530211887703e-28 1.055607889973792957e-26
6.514864454851291953e+00 1.063676626767850153e-27 9.489055126886694621e-27
6.848960067920588202e+00 1.605063818387161862e-27 8.823066356262769260e-27
7.200188789352414354e+00 3.168173320872909689e-27 8.205843198163505500e-27
7.569429240088434874e+00 7.302372271581087112e-27 7.693573340557482296e-27
7.957605098554507705e+00 1.297504714398162524e-26 7.449566004167727807e-27
8.365687411300893217e+00 1.994900393231808436e-26 7.190948074673938909e-27
8.794697022136837461e+00 2.439423290610308042e-26 7.179300679483618793e-27
9.245707125836160500e+00 2.578551260785033262e-26 7.183586419451746915e-27
9.719845952802119271e+00 2.168919437311287841e-26 7.386415778274422346e-27
1.021829959140735511e+01 3.527661678007732030e-26 7.654774622149101129e-27
1.074231495506927025e+01 3.945095693907639011e-26 8.057516625293244482e-27
1.129320290148307926e+01 4.299237165190902392e-26 8.598474330381804784e-27
1.187234151181554331e+01 4.575246918739038386e-26 9.212980506957811811e-27
1.248117953806249680e+01 4.640499400845518904e-26 1.000606535073577832e-26
1.312124002719390603e+01 4.441944257336923526e-26 1.092242544500849161e-26
1.379412413115256619e+01 3.001340242042997446e-26 1.195363134126016943e-26
1.450151511223731404e+01 2.132999496620078476e-26 1.319360475297059228e-26
1.524518255389051191e+01 2.298777327145675213e-26 1.461797228366479871e-26
1.602698678742335403e+01 3.018406625842359638e-26 1.619193384110763173e-26
1.684888354575276281e+01 3.911190805063413740e-26 1.800031274173024689e-26
