6.197066188760985028e+00 8.578663530211887703e-28 2.391034427994080963e-27
6.514864454851291953e+00 1.063676626767850153e-27 2.154179504383112969e-27
6.848960067920588202e+00 1.605063818387161862e-27 2.008339887916677518e-27
7.200188789352414354e+00 3.168173320872909689e-27 1.918855058860952916e-27
7.569429240088434874e+00 7.302372271581087112e-27 1.917734030261079258e-27
7.957605098554507705e+00 1.297504714398162524e-26 1.975870126604228895e-27
8.365687411300893217e+00 1.994900393231808436e-26 2.102345846741412136e-27
8.794697022136837461e+00 2.439423290610308042e-26 2.302329282993900193e-27
9.245707125836160500e+00 2.578551260785033262e-26 2.556756025767237865e-27
9.719845952802119271e+00 2.168919437311287841e-26 2.879634667538103459e-27
1.021829959140735511e+01 3.527661678007732030e-26 3.282756167347381645e-27
1.074231495506927025e+01 3.945095693907639011e-26 3.753187082060995802e-27
1.129320290148307926e+01 4.299237165190902392e-26 4.299237165190902392e-27
1.187234151181554331e+01 4.575246918739038386e-26 4.948920534859847343e-27
1.248117953806249680e+01 4.640499400845518904e-26 5.709646219490299276e-27
1.312124002719390603e+01 4.441944257336923526e-26 6.572964600470784720e-27
1.379412413115256619e+01 3.001340242042997446e-26 7.552888526075280014e-27
1.450151511223731404e+01 2.132999496620078476e-26 8.689116692726862374e-27
1.524518255389051191e+01 2.298777327145675213e-26 1.001176366267324115e-26
1.602698678742335403e+01 3.018406625842359638e-26 1.152257006415919150e-26
1.684888354575276281e+01 3.911190805063413740e-26 1.321605348470940115e-26
