4.153671409358151045e+00 1.770978928824030529e-28 1.275451625316666633e-26
4.366680199581646882e+00 2.137651963654498699e-28 1.160625516250385295e-26
4.590612517508911417e+00 7.592015309218998278e-28 1.032137287171405637e-26
4.826028544047828994e+00 9.925575511513420232e-28 8.963372851746937884e-27
5.073517187332332590e+00 1.188112985123932169e-27 7.996167546916926863e-27
5.333697555913478716e+00 7.624714952633416022e-28 6.952911558285443454e-27
5.607220507498785089e+00 4.700770968710169563e-28 6.129074462161914848e-27
5.894770277114107948e+00 5.045219892941879330e-28 5.370193435664100676e-27
6.197066188760985028e+00 8.578663530211887703e-28 4.782068855988161925e-27
6.514864454851291953e+00 1.063676626767850153e-27 4.308359008766225939e-27
6.848960067920588202e+00 1.605063818387161862e-27 4.016679775833355036e-27
7.200188789352414354e+00 3.168173320872909689e-27 3.837710117721905833e-27
7.569429240088434874e+00 7.302372271581087112e-27 3.835468060522158516e-27
7.957605098554507705e+00 1.297504714398162524e-26 3.951740253208457791e-27
8.365687411300893217e+00 1.994900393231808436e-26 4.204691693482824272e-27
8.794697022136837461e+00 2.439423290610308042e-26 4.604658565987800387e-27
9.245707125836160500e+00 2.578551260785033262e-26 5.113512051534475730e-27
9.719845952802119271e+00 2.168919437311287841e-26 5.759269335076206919e-27
1.021829959140735511e+01 3.527661678007732030e-26 6.565512334694763289e-27
1.074231495506927025e+01 3.945095693907639011e-26 7.506374164121991604e-27
1.129320290148307926e+01 4.299237165190902392e-26 8.598474330381804784e-27
1.187234151181554331e+01 4.575246918739038386e-26 9.897841069719694686e-27
1.248117953806249680e+01 4.640499400845518904e-26 1.141929243898059855e-26
1.312124002719390603e+01 4.441944257336923526e-26 1.314592920094156944e-26
1.379412413115256619e+01 3.001340242042997446e-26 1.510577705215056003e-26
1.450151511223731404e+01 2.132999496620078476e-26 1.737823338545372475e-26
1.524518255389051191e+01 2.298777327145675213e-26 2.002352732534648231e-26
1.602698678742335403e+01 3.018406625842359638e-26 2.304514012831838299e-26
1.684888354575276281e+01 3.911190805063413740e-26 2.643210696941880231e-26
1.771292885579136822e+01 4.581706118676534278e-26 3.022806902307836319e-26
