6.042162422097681507e+00 6.074972757695543931e-28 1.260315399971195146e-27
6.217297564767179097e+00 9.168148521506344338e-28 1.176992084861436869e-27
6.397509088383619869e+00 9.529216897287640899e-28 1.104423144206456465e-27
6.582944134423724059e+00 1.151336027880867699e-27 1.051496962274898567e-27
6.773754109334557683e+00 1.384457724052751122e-27 1.010570132852845669e-27
6.970094808155849364e+00 1.906471170566760999e-27 9.763587688327713363e-28
7.172126541725583948e+00 3.038084012539364754e-27 9.538798816057180468e-28
7.380014267572701847e+00 4.630602288060515746e-27 9.469697859880576318e-28
7.593927724603795504e+00 7.603748049523878486e-27 9.525677601683598010e-28
7.814041571693762123e+00 1.016244142888809331e-26 9.666937073576933816e-28
8.040535530293579924e+00 1.513534005193378948e-26 9.900688874763969911e-28
8.273594531171653443e+00 1.895556490859153695e-26 1.025698221694216444e-27
8.513408865408514714e+00 2.162069231000586083e-26 1.074265676903864590e-27
8.760174339768180829e+00 2.417392240873675101e-26 1.133454924894652060e-27
9.014092436573056588e+00 2.638051392443528303e-26 1.201066490898973157e-27
9.275370478212854763e+00 2.724776965936067366e-26 1.277632570897332334e-27
9.544221796421922477e+00 1.857564812247104727e-26 1.365577108650762549e-27
9.820865906463136952e+00 2.361316617175489902e-26 1.466941844758863681e-27
1.010552868636061774e+01 3.414213805883268957e-26 1.581241565853411202e-27
1.039844256132758993e+01 3.700165806148313591e-26 1.706664018029146605e-27
1.069984669353998541e+01 3.922522807281599049e-26 1.842427025391185387e-27
1.100998717741070720e+01 4.151067087335900520e-26 1.989855118033079498e-27
1.132911724052406477e+01 4.303689340855923000e-26 2.151844670427961787e-27
1.165749745039432561e+01 4.452627290893298198e-26 2.331125118590550297e-27
1.199539592721735026e+01 4.660205154497475825e-26 2.528825960310528024e-27
1.234308856278886779e+01 4.661844871478061019e-26 2.744337165322873315e-27
1.270085924576825320e+01 4.635454796460725322e-26 2.976470497284203618e-27
1.306900009347168279e+01 4.652250451533041199e-26 3.225045153783692875e-27
1.344781169038390445e+01 3.531817410692971012e-26 3.491772138920184657e-27
1.383760333358343786e+01 3.012263863223159395e-26 3.780275790434590938e-27
1.423869328528150646e+01 2.227490840022797422e-26 4.094619725632480993e-27
1.465140903268097183e+01 2.125769496547582980e-26 4.438191871836148705e-27
1.507608755536737632e+01 2.307815031146209428e-26 4.812660364967219650e-27
1.551307560045048639e+01 2.318597210532457807e-26 5.217993273268879219e-27
1.596272996568093561e+01 3.003868260781967990e-26 5.653280457383462122e-27
1.642541779077313535e+01 3.610572073381833278e-26 6.117851715812545571e-27
1.690151685717235708e+01 3.921337967714113090e-26 6.612575940268842230e-27
