4.029439350083166893e+00 2.582289371950868541e-28 7.762933078592915282e-27
4.069936227973450116e+00 2.566370321878721127e-28 7.586242678449454928e-27
4.110840109661625164e+00 2.522631012421752867e-28 7.439897168122694516e-27
4.152155085638122856e+00 2.509143084666000613e-28 7.203811533222892030e-27
4.193885287503833048e+00 7.847626554433606813e-29 6.921711077814847285e-27
4.236034888383268360e+00 4.074337833160049523e-29 6.712117054082138451e-27
4.278608103341894342e+00 4.450004742952697226e-29 6.600964954827971630e-27
4.321609189807641194e+00 3.381481692913047069e-29 6.507702057878777379e-27
4.365042447996662744e+00 7.201273437343432790e-29 6.356626920709286096e-27
4.408912221343363136e+00 3.868801657863745182e-28 6.174750777590677997e-27
4.453222896934753372e+00 5.446122189959829948e-28 6.042241993110561819e-27
4.497978905949173267e+00 6.170011933712978917e-28 5.987149056868279463e-27
4.543184724099416982e+00 6.825949291735891943e-28 5.960811636902552596e-27
4.588844872080314552e+00 7.491629813189894097e-28 5.897994793227012031e-27
4.634963916020821806e+00 8.497833213381759076e-28 5.795947790767481956e-27
4.681546467940629341e+00 9.030155543889642826e-28 5.712420180648468107e-27
4.728597186211388248e+00 8.683268970557367495e-28 5.691939876247289025e-27
4.776120776022559689e+00 9.296800789278395232e-28 5.719616923929159495e-27
4.824121989851931858e+00 8.411942733433569475e-28 5.738021496667654855e-27
4.872605627940895801e+00 1.071443190371384084e-27 5.709101409290627898e-27
4.921576538774472098e+00 1.258886659254889066e-27 5.657538557660792081e-27
4.971039619566175460e+00 1.220795454512440445e-27 5.639074155386594573e-27
5.020999816747744759e+00 1.086133064045172750e-27 5.680020345504378681e-27
5.071462126463800679e+00 1.393594247906015407e-27 5.752515655349860747e-27
5.122431595071477162e+00 1.005089633074596783e-27 5.798429067404806073e-27
5.173913319645060405e+00 1.231351935058729967e-27 5.787138922820509873e-27
5.225912448485715345e+00 5.734030190505794007e-28 5.748600493954220531e-27
5.278434181636325384e+00 9.047346554071140262e-28 5.738653271298604152e-27
5.331483771401514637e+00 9.763237064933478304e-28 5.783663343197659829e-27
5.385066522872886452e+00 9.439869817618100325e-28 5.857967458792278646e-27
5.439187794459549252e+00 4.091449380513659294e-28 5.904128281783524860e-27
5.493852998423966127e+00 7.397813489026620328e-28 5.880247861884125923e-27
5.549067601423201879e+00 4.052090478898037361e-28 5.807176826239563835e-27
5.604837125055595948e+00 4.177434968490158180e-28 5.740612354602060336e-27
5.661167146412937612e+00 3.866986975895918993e-28 5.719266067797244247e-27
5.718063298638194070e+00 3.925576697111414535e-28 5.736811420339220680e-27
5.775531271488829610e+00 4.645383661899125203e-28 5.748577714916346162e-27
5.833576811905802906e+00 4.607928735638376060e-28 5.706758884561540277e-27
5.892205724588272631e+00 5.155696491477066924e-28 5.602817357861122335e-27
5.951423872574085117e+00 5.393359828349651657e-28 5.473427046694212848e-27
6.011237177826085798e+00 5.433865287828537492e-28 5.364628871394585931e-27
6.071651621824337042e+00 6.690709066703470208e-28 5.297645850606470954e-27
6.132673246164280556e+00 6.733287574456487532e-28 5.260222613611207996e-27
6.194308153160906549e+00 6.929705609436239335e-28 5.218531139316319030e-27
6.256562506459006023e+00 1.138751450008668008e-27 5.141929140340744832e-27
6.319442531649548833e+00 1.126658104898507398e-27 5.026200585773753553e-27
6.382954516892257679e+00 8.741179667428059181e-28 4.894652224358325421e-27
6.447104813544441093e+00 9.777035198127640563e-28 4.777512853923427762e-27
6.511899836796143148e+00 1.105480811786160936e-27 4.691892189971926759e-27
6.577346066311683614e+00 1.133802021019208921e-27 4.635223613342992068e-27
6.643450046877629411e+00 1.233072272133920075e-27 4.589925125904539269e-27
6.710218389057304833e+00 1.296930854972995081e-27 4.534772716219843366e-27
6.777657769851851199e+00 1.416763400228104815e-27 4.458068001829727105e-27
6.845774933367950510e+00 1.441268556397746505e-27 4.364229741946686615e-27
6.914576691492250404e+00 2.050513237762113918e-27 4.268868715294239446e-27
6.984069924572573917e+00 1.832358595296640101e-27 4.187657714725037230e-27
7.054261582105967321e+00 2.293187191813961275e-27 4.128194792588791602e-27
7.125158683433665097e+00 2.605574647191164315e-27 4.087777232310627775e-27
7.196768318443049317e+00 3.107393669616962053e-27 4.056201588788285369e-27
7.269097648276646950e+00 3.445552770082518655e-27 4.021350209412938853e-27
7.342153906048272560e+00 4.431147991360221376e-27 3.975506420786711160e-27
7.415944397566345714e+00 6.070835663262884392e-27 3.918946790765200874e-27
7.490476502064499442e+00 6.499960874664098493e-27 3.858701334423144857e-27
7.565757672939518841e+00 7.088150493413612936e-27 3.803961348171823279e-27
7.641795438496700399e+00 6.780815255286195056e-27 3.761253507284707368e-27
7.718597402702696897e+00 1.013457307712328479e-26 3.732242000114273761e-27
7.796171245945941131e+00 1.042410854208919475e-26 3.713474135143914965e-27
7.874524725804693759e+00 9.480688553139279326e-27 3.698770400690806316e-27
7.953665677822832514e+00 1.267603814837914444e-26 3.681978198043518185e-27
8.033602016293412973e+00 1.441845627477120908e-26 3.659340130735566886e-27
8.114341735050130566e+00 1.803862040177799957e-26 3.631253414858590812e-27
8.195892908266715793e+00 1.717588704132826678e-26 3.601177967859347748e-27
8.278263691264371005e+00 1.920126846271587998e-26 3.574139504232244843e-27
8.361462321327326919e+00 2.080017395124249741e-26 3.554032650249916372e-27
8.445497118526597902e+00 2.108901872165202892e-26 3.542589666513374417e-27
8.530376486551993764e+00 2.152439491478861432e-26 3.539102487258042807e-27
8.616108913552515958e+00 2.300349565995076022e-26 3.540948981270843473e-27
8.702702972985203900e+00 2.354695245867593497e-26 3.544672340050524747e-27
8.790167324472491828e+00 2.382046318092008609e-26 3.547378306962384539e-27
8.878510714668193415e+00 2.534031417184370858e-26 3.547677936609498945e-27
8.967741978132194092e+00 2.626804876240678231e-26 3.545936347131971393e-27
9.057870038213927444e+00 2.655372439304725746e-26 3.544006220327819033e-27
9.148903907944720970e+00 2.779129610104817696e-26 3.544386877865279948e-27
9.240852690939139080e+00 2.805805049480856174e-26 3.549224907161754081e-27
9.333725582305360646e+00 2.730654401175347216e-26 3.559792062179502956e-27
9.427531869564711897e+00 1.898210089995472204e-26 3.576068245179549243e-27
9.522280933580438145e+00 1.711860037022599564e-26 3.597393397377487754e-27
9.617982249495819147e+00 2.081577289413939221e-26 3.622139076638088280e-27
9.714645387681708044e+00 2.024101703851795957e-26 3.648362631534707442e-27
9.812280014693582686e+00 2.254159068829732684e-26 3.674815674764252861e-27
9.910895894238242576e+00 2.789255045625937039e-26 3.700839627377628264e-27
1.001050288815018519e+01 3.230005925984259071e-26 3.726539280195169558e-27
1.011111095737782684e+01 3.484503311149865204e-26 3.752776441274953039e-27
1.021273016297961433e+01 3.546794128951756662e-26 3.780808438980408979e-27
1.031537066713016237e+01 3.621824011481190807e-26 3.811935415596738789e-27
1.041904273413649662e+01 3.755702778861627868e-26 3.847117144558513538e-27
1.052375673146450019e+01 3.756161691855143687e-26 3.886767823650455891e-27
1.062952313077570388e+01 3.884117284989861310e-26 3.930823218614433955e-27
1.073635250897445381e+01 3.987408298840726770e-26 3.978672789654729642e-27
1.084425554926565560e+01 4.005023132993006185e-26 4.029421351897319848e-27
1.095324304222309841e+01 4.087696539268751409e-26 4.082132905375762583e-27
1.106332588686855622e+01 4.202248386891794958e-26 4.135991382355616799e-27
1.117451509176170710e+01 4.273192335345328224e-26 4.190498861459097701e-27
1.128682177610102144e+01 4.245572870192327354e-26 4.245572870192326780e-27
1.140025717083570456e+01 4.371571438638834558e-26 4.301576341580936082e-27
1.151483261978882666e+01 4.394124581155248040e-26 4.359096549915602443e-27
1.163055958079172569e+01 4.534520234286926443e-26 4.418941629441209640e-27
1.174744962682983562e+01 4.358998937574345281e-26 4.481810674996715217e-27
1.186551444719998649e+01 4.587190041523506994e-26 4.548410929262987398e-27
1.198476584867938044e+01 4.716286354123171760e-26 4.619023209998281753e-27
1.210521575670631123e+01 4.670073739535168784e-26 4.693832384048124126e-27
1.222687621657270718e+01 4.721815655680743308e-26 4.772383790511991963e-27
1.234975939462871430e+01 4.739344237412953229e-26 4.854362061812280214e-27
1.247387757949935327e+01 4.491228537527206870e-26 4.939180047958585207e-27
1.259924318331341730e+01 4.435802113817409661e-26 5.026327879087069156e-27
1.272586874294470682e+01 4.796834526858658089e-26 5.115356815147476010e-27
1.285376692126576259e+01 4.713248256150742600e-26 5.205861154314553215e-27
1.298295050841416298e+01 4.804736111133152988e-26 5.297848495195276612e-27
1.311343242307159151e+01 4.738018264667979185e-26 5.391442964394072962e-27
1.324522571375572966e+01 4.133896241784940185e-26 5.486969027198597171e-27
1.337834356012513304e+01 3.779067771126966552e-26 5.585030690961241728e-27
1.351279927429724736e+01 3.172516394197392389e-26 5.686142347548507840e-27
1.364860630217962978e+01 3.148929953547697088e-26 5.790954276420266987e-27
1.378577822481460124e+01 3.489025983902014379e-26 5.899904552990846567e-27
1.392432875973736195e+01 2.568796038143847276e-26 6.013136024694972925e-27
1.406427176234778820e+01 2.599653293769368532e-26 6.131043845071144526e-27
1.420562122729600674e+01 2.213253248343544569e-26 6.253450813392590123e-27
1.434839128988189572e+01 2.081192365980476953e-26 6.380243734673970200e-27
1.449259622746864906e+01 2.070748048643452671e-26 6.511101339886267013e-27
1.463825046091054638e+01 2.110974562216210334e-26 6.645640651644767753e-27
1.478536855599507582e+01 2.180830808973129594e-26 6.783474191179444891e-27
1.493396522489954670e+01 2.516535210617643728e-26 6.924288589326508668e-27
1.508405532766235879e+01 2.172479729061619458e-26 7.067751710480776885e-27
1.523565387366901547e+01 2.241651786786839861e-26 7.213869465335317891e-27
1.538877602315312565e+01 2.247843371405236711e-26 7.362645452632440500e-27
1.554343708871245333e+01 2.303500082321170259e-26 7.514294351529151332e-27
1.569965253684021889e+01 2.459824947152967868e-26 7.669158940378347028e-27
1.585743798947178007e+01 2.774669656192840273e-26 7.827683894176842555e-27
1.601680922554687214e+01 3.251540261146527660e-26 7.990368105848879614e-27
1.617778218258754208e+01 3.006264691242009893e-26 8.157644093580704803e-27
1.634037295829193681e+01 3.614048044299770725e-26 8.330136493518984908e-27
1.650459781214412303e+01 3.780023417723401446e-26 8.508141426414244225e-27
1.667047316704004345e+01 3.820811096254570300e-26 8.692001807358485685e-27
1.683801561092989374e+01 3.460952591245327912e-26 8.881890885556694533e-27
1.700724189847692358e+01 4.507149053236475045e-26 9.078035570618954177e-27
1.717816895273297462e+01 3.983365337284940130e-26 9.280134469158023958e-27
1.735081386683079785e+01 4.394568217683079758e-26 9.488248720055598729e-27
1.752519390569341340e+01 4.134583172002015719e-26 9.702012713423538553e-27
1.770132650776068672e+01 4.184570012895820178e-26 9.921228397219693601e-27
1.787922928673315681e+01 5.377979339806989839e-26 1.014566881834653395e-26
1.805892003333349294e+01 4.820458246991324299e-26 1.037483024137508407e-26
1.824041671708558709e+01 3.773722559144352459e-26 1.060860158481828677e-26
1.842373748811156631e+01 4.480566688492168208e-26 1.084702803516084135e-26
