3.043478260869565410e+00 5.614496835482272044e-30 5.032006214048762168e-27
3.131695022054190147e+00 9.904723755991799071e-30 4.897670551152373678e-27
3.222468790809383865e+00 1.020911419858739485e-29 4.696720713759062936e-27
3.315873683296612029e+00 1.839816776244478500e-29 4.718721202163893058e-27
3.411985963971876146e+00 3.951954373162909386e-29 4.630800229613678322e-27
3.510884107855119396e+00 6.665703692087101455e-29 4.745816639222854362e-27
3.612648864604542265e+00 9.590824838104768179e-29 4.690448431153993382e-27
3.717363324448152984e+00 1.340822639391701752e-28 4.791002327133573812e-27
3.825112986026359962e+00 1.790495094311564174e-28 4.691512093426838817e-27
3.935985826201037430e+00 2.299183428686594156e-28 4.621889115759196106e-27
4.050072371888023604e+00 2.566907344860664757e-28 4.481026822717019390e-27
4.167465773971734677e+00 1.702577069728602493e-28 4.197316459764717085e-27
4.288261883362220139e+00 3.965609136445005403e-29 4.039016232904081653e-27
4.412559329256776408e+00 3.436985051174183915e-28 3.713002822762314168e-27
4.540459599670016111e+00 6.755737889487176640e-28 3.482178838413983449e-27
4.672067124298132867e+00 8.622823577446049535e-28 3.268418103985323411e-27
4.807489359785034111e+00 9.275705988405638917e-28 2.994796510855715651e-27
4.946836877459961812e+00 1.211509733694495212e-27 2.811454697945542666e-27
5.090223453618222926e+00 1.146299579089953912e-27 2.619577289654539179e-27
5.237766162418751925e+00 8.793383931823284311e-28 2.405794418644523262e-27
5.389585471474367395e+00 7.817772126068354588e-28 2.246483378789749981e-27
5.545805340212755397e+00 5.284533578234783443e-28 2.092530785683440763e-27
5.706553321088486008e+00 3.972865431192891102e-28 1.926486266002669289e-27
5.871960663728732932e+00 5.080550204119385342e-28 1.791945074363349375e-27
6.042162422097681507e+00 6.074972757695543931e-28 1.680420533294927339e-27
6.217297564767179097e+00 9.168148521506344338e-28 1.569322779815249159e-27
6.397509088383619869e+00 9.529216897287640899e-28 1.472564192275275166e-27
6.582944134423724059e+00 1.151336027880867699e-27 1.401995949699865115e-27
6.773754109334557683e+00 1.384457724052751122e-27 1.347426843803794405e-27
6.970094808155849364e+00 1.906471170566760999e-27 1.301811691777028508e-27
7.172126541725583948e+00 3.038084012539364754e-27 1.271839842140957515e-27
7.380014267572701847e+00 4.630602288060515746e-27 1.262626381317410235e-27
7.593927724603795504e+00 7.603748049523878486e-27 1.270090346891145923e-27
7.814041571693762123e+00 1.016244142888809331e-26 1.288924943143591116e-27
8.040535530293579924e+00 1.513534005193378948e-26 1.320091849968529142e-27
8.273594531171653443e+00 1.895556490859153695e-26 1.367597628925621925e-27
8.513408865408514714e+00 2.162069231000586083e-26 1.432354235871819394e-27
8.760174339768180829e+00 2.417392240873675101e-26 1.511273233192869533e-27
9.014092436573056588e+00 2.638051392443528303e-26 1.601421987865297542e-27
9.275370478212854763e+00 2.724776965936067366e-26 1.703510094529776445e-27
9.544221796421922477e+00 1.857564812247104727e-26 1.820769478201017091e-27
9.820865906463136952e+00 2.361316617175489902e-26 1.955922459678484789e-27
1.010552868636061774e+01 3.414213805883268957e-26 2.108322087804548508e-27
1.039844256132758993e+01 3.700165806148313591e-26 2.275552024038862140e-27
1.069984669353998541e+01 3.922522807281599049e-26 2.456569367188246704e-27
1.100998717741070720e+01 4.151067087335900520e-26 2.653140157377440048e-27
1.132911724052406477e+01 4.303689340855923000e-26 2.869126227237282621e-27
1.165749745039432561e+01 4.452627290893298198e-26 3.108166824787400755e-27
1.199539592721735026e+01 4.660205154497475825e-26 3.371767947080703554e-27
1.234308856278886779e+01 4.661844871478061019e-26 3.659116220430498470e-27
1.270085924576825320e+01 4.635454796460725322e-26 3.968627329712271730e-27
1.306900009347168279e+01 4.652250451533041199e-26 4.300060205044923116e-27
1.344781169038390445e+01 3.531817410692971012e-26 4.655696185226913594e-27
1.383760333358343786e+01 3.012263863223159395e-26 5.040367720579454344e-27
1.423869328528150646e+01 2.227490840022797422e-26 5.459492967509974897e-27
1.465140903268097183e+01 2.125769496547582980e-26 5.917589162448196600e-27
1.507608755536737632e+01 2.307815031146209428e-26 6.416880486622960012e-27
1.551307560045048639e+01 2.318597210532457807e-26 6.957324364358505626e-27
1.596272996568093561e+01 3.003868260781967990e-26 7.537707276511282351e-27
1.642541779077313535e+01 3.610572073381833278e-26 8.157135621083393138e-27
1.690151685717235708e+01 3.921337967714113090e-26 8.816767920358454871e-27
1.739141589651068642e+01 4.130757320086685714e-26 9.520664024877231609e-27
1.789551490800375078e+01 4.863176804664639218e-26 1.027560339618670455e-26
1.841422548504733570e+01 4.262928571822646742e-26 1.108989217440894625e-26
1.894797115128059062e+01 4.709943487486705743e-26 1.197223849044798746e-26
1.949718770639017507e+01 3.808602703619170999e-26 1.292991099006997058e-26
1.988785947966930223e+01 3.675062639996899727e-26 2.171419233570482388e-26
