3.015075376884421843e+00 5.925061858163531040e-30 7.719048558248670512e-27
3.045377641978737948e+00 4.864981082442530609e-30 7.512750399253246370e-27
3.075984452450885698e+00 6.094510908592093771e-30 7.394568823315329225e-27
3.106898869058432044e+00 6.555594154745286868e-30 7.354062168900829770e-27
3.138123983320326271e+00 1.007160672617984497e-29 7.309116661149212847e-27
3.169662917826058024e+00 1.589558382938383447e-29 7.204830683283192325e-27
3.201518826547927965e+00 7.253218611040729328e-30 7.078766871830213827e-27
3.233694895156449256e+00 8.886790439071428170e-30 7.006338374498485525e-27
3.266194341338926499e+00 1.458280141570540459e-29 7.012502412728200704e-27
3.299020415121227234e+00 1.658733712799019153e-29 7.049062189338136416e-27
3.332176399192797511e+00 1.862950193394532042e-29 7.045295050524224523e-27
3.365665609234935296e+00 2.775330244607973618e-29 6.986980548998347711e-27
3.399491394252372345e+00 3.509996026328694475e-29 6.930526258749170898e-27
3.433657136908174756e+00 4.715121463834340965e-29 6.936056207053040025e-27
3.468166253862026149e+00 5.425137466006401501e-29 7.006629091941856124e-27
3.503022196111895692e+00 6.657474880970498444e-29 7.084639632429519599e-27
3.538228449339151815e+00 7.277139689637322553e-29 7.104454482732502814e-27
3.573788534257132721e+00 8.270423066284048134e-29 7.061272237181682970e-27
3.609706006963234959e+00 9.509455451112846614e-29 7.014674989302931863e-27
3.645984459294523639e+00 1.087222823772853118e-28 7.023653071260593807e-27
3.682627519186929987e+00 1.210714381982735523e-28 7.092587655999929014e-27
3.719638851038055360e+00 1.347677296359062738e-28 7.166396471635047296e-27
3.757022156073614116e+00 1.511816593495805616e-28 7.174994935851775371e-27
3.794781172717569984e+00 1.672082196935398324e-28 7.100416172930040527e-27
3.832919676965987676e+00 1.834114521514010906e-28 6.993557901584033351e-27
3.871441482764640618e+00 1.985353383051845609e-28 6.919877507650528013e-27
3.910350442390415626e+00 2.168187242978721364e-28 6.903443859665900701e-27
3.949650446836550532e+00 2.380730424527971388e-28 6.912676284349439523e-27
3.989345426201742484e+00 2.535328393885034069e-28 6.885254538898781987e-27
4.029439350083166893e+00 2.582289371950868541e-28 6.780078965458429036e-27
4.069936227973450116e+00 2.566370321878721127e-28 6.614122679171771480e-27
4.110840109661625164e+00 2.522631012421752867e-28 6.442899611930381214e-27
4.152155085638122856e+00 2.509143084666000613e-28 6.311342998980562737e-27
4.193885287503833048e+00 7.847626554433606813e-29 6.226241525425383149e-27
4.236034888383268360e+00 4.074337833160049523e-29 6.158634934086694630e-27
4.278608103341894342e+00 4.450004742952697226e-29 6.066263193240072119e-27
4.321609189807641194e+00 3.381481692913047069e-29 5.925044641770896673e-27
4.365042447996662744e+00 7.201273437343432790e-29 5.746630556789720819e-27
4.408912221343363136e+00 3.868801657863745182e-28 5.565466488429791470e-27
4.453222896934753372e+00 5.446122189959829948e-28 5.411595698091908134e-27
4.497978905949173267e+00 6.170011933712978917e-28 5.294185498600823512e-27
4.543184724099416982e+00 6.825949291735891943e-28 5.200984100362016498e-27
4.588844872080314552e+00 7.491629813189894097e-28 5.108128798486454446e-27
4.634963916020821806e+00 8.497833213381759076e-28 4.995087356917541651e-27
4.681546467940629341e+00 9.030155543889642826e-28 4.857151707362141168e-27
4.728597186211388248e+00 8.683268970557367495e-28 4.706515483701580203e-27
4.776120776022559689e+00 9.296800789278395232e-28 4.561981853862557677e-27
4.824121989851931858e+00 8.411942733433569475e-28 4.437118204580524547e-27
4.872605627940895801e+00 1.071443190371384084e-27 4.334557671687576554e-27
4.921576538774472098e+00 1.258886659254889066e-27 4.246790942949235989e-27
4.971039619566175460e+00 1.220795454512440445e-27 4.161138978678430590e-27
5.020999816747744759e+00 1.086133064045172750e-27 4.066511063663560321e-27
5.071462126463800679e+00 1.393594247906015407e-27 3.958949387507378750e-27
5.122431595071477162e+00 1.005089633074596783e-27 3.842739224533003323e-27
5.173913319645060405e+00 1.231351935058729967e-27 3.726858070550679849e-27
5.225912448485715345e+00 5.734030190505794007e-28 3.619563552330484406e-27
5.278434181636325384e+00 9.047346554071140262e-28 3.524893628440114599e-27
5.331483771401514637e+00 9.763237064933478304e-28 3.441704145838419446e-27
5.385066522872886452e+00 9.439869817618100325e-28 3.365111478904349122e-27
5.439187794459549252e+00 4.091449380513659294e-28 3.289130723790544388e-27
5.493852998423966127e+00 7.397813489026620328e-28 3.208962091494243997e-27
5.549067601423201879e+00 4.052090478898037361e-28 3.123455111314184275e-27
5.604837125055595948e+00 4.177434968490158180e-28 3.034796627981929677e-27
5.661167146412937612e+00 3.866986975895918993e-28 2.947052531341423460e-27
5.718063298638194070e+00 3.925576697111414535e-28 2.864189850923990391e-27
5.775531271488829610e+00 4.645383661899125203e-28 2.788578943940518067e-27
5.833576811905802906e+00 4.607928735638376060e-28 2.720470738108436876e-27
5.892205724588272631e+00 5.155696491477066924e-28 2.658333335826337744e-27
5.951423872574085117e+00 5.393359828349651657e-28 2.599683401666229639e-27
6.011237177826085798e+00 5.433865287828537492e-28 2.542109214475729916e-27
6.071651621824337042e+00 6.690709066703470208e-28 2.484122736983003082e-27
6.132673246164280556e+00 6.733287574456487532e-28 2.425553722738334525e-27
6.194308153160906549e+00 6.929705609436239335e-28 2.367428867324845682e-27
6.256562506459006023e+00 1.138751450008668008e-27 2.311422192030124907e-27
6.319442531649548833e+00 1.126658104898507398e-27 2.259152434825149534e-27
6.382954516892257679e+00 8.741179667428059181e-28 2.211739016153149453e-27
6.447104813544441093e+00 9.777035198127640563e-28 2.169552786501857465e-27
6.511899836796143148e+00 1.105480811786160936e-27 2.132215626123410275e-27
6.577346066311683614e+00 1.133802021019208921e-27 2.098855304974754001e-27
6.643450046877629411e+00 1.233072272133920075e-27 2.068425645697020061e-27
6.710218389057304833e+00 1.296930854972995081e-27 2.040008623206445920e-27
6.777657769851851199e+00 1.416763400228104815e-27 2.013064383242994329e-27
6.845774933367950510e+00 1.441268556397746505e-27 1.987517941921638963e-27
6.914576691492250404e+00 2.050513237762113918e-27 1.963741041043762952e-27
6.984069924572573917e+00 1.832358595296640101e-27 1.942307633201627266e-27
7.054261582105967321e+00 2.293187191813961275e-27 1.923935828749786657e-27
7.125158683433665097e+00 2.605574647191164315e-27 1.909153817532477186e-27
7.196768318443049317e+00 3.107393669616962053e-27 1.898283461307704363e-27
7.269097648276646950e+00 3.445552770082518655e-27 1.891344354804315043e-27
7.342153906048272560e+00 4.431147991360221376e-27 1.888134463257226269e-27
7.415944397566345714e+00 6.070835663262884392e-27 1.888249042757336264e-27
7.490476502064499442e+00 6.499960874664098493e-27 1.891154035765589482e-27
7.565757672939518841e+00 7.088150493413612936e-27 1.896442035635987449e-27
7.641795438496700399e+00 6.780815255286195056e-27 1.903758192566269679e-27
7.718597402702696897e+00 1.013457307712328479e-26 1.913084179454047375e-27
7.796171245945941131e+00 1.042410854208919475e-26 1.924268233670680889e-27
7.874524725804693759e+00 9.480688553139279326e-27 1.937559770530188627e-27
7.953665677822832514e+00 1.267603814837914444e-26 1.953401054120287707e-27
8.033602016293412973e+00 1.441845627477120908e-26 1.971955393807438221e-27
8.114341735050130566e+00 1.803862040177799957e-26 1.993591111467014862e-27
8.195892908266715793e+00 1.717588704132826678e-26 2.018322792719696416e-27
8.278263691264371005e+00 1.920126846271587998e-26 2.046412436289612379e-27
8.361462321327326919e+00 2.080017395124249741e-26 2.077710779697846336e-27
8.445497118526597902e+00 2.108901872165202892e-26 2.112027015408396111e-27
8.530376486551993764e+00 2.152439491478861432e-26 2.149155883515410773e-27
8.616108913552515958e+00 2.300349565995076022e-26 2.188845889672605178e-27
8.702702972985203900e+00 2.354695245867593497e-26 2.230791327343808096e-27
8.790167324472491828e+00 2.382046318092008609e-26 2.274811638316699281e-27
8.878510714668193415e+00 2.534031417184370858e-26 2.320834644014607580e-27
8.967741978132194092e+00 2.626804876240678231e-26 2.368812639674371710e-27
9.057870038213927444e+00 2.655372439304725746e-26 2.418842213287716626e-27
9.148903907944720970e+00 2.779129610104817696e-26 2.471138773202720155e-27
9.240852690939139080e+00 2.805805049480856174e-26 2.525891444178103539e-27
9.333725582305360646e+00 2.730654401175347216e-26 2.583350317392219663e-27
9.427531869564711897e+00 1.898210089995472204e-26 2.643612843989006051e-27
9.522280933580438145e+00 1.711860037022599564e-26 2.707163672786135759e-27
9.617982249495819147e+00 2.081577289413939221e-26 2.774098199275177750e-27
9.714645387681708044e+00 2.024101703851795957e-26 2.844260269237470424e-27
9.812280014693582686e+00 2.254159068829732684e-26 2.917761385731303502e-27
9.910895894238242576e+00 2.789255045625937039e-26 2.994503836032967304e-27
1.001050288815018519e+01 3.230005925984259071e-26 3.074264863276977024e-27
1.011111095737782684e+01 3.484503311149865204e-26 3.156861033000326937e-27
1.021273016297961433e+01 3.546794128951756662e-26 3.242130018555027965e-27
1.031537066713016237e+01 3.621824011481190807e-26 3.329977412858211382e-27
1.041904273413649662e+01 3.755702778861627868e-26 3.420331735935074865e-27
1.052375673146450019e+01 3.756161691855143687e-26 3.513149244888744803e-27
1.062952313077570388e+01 3.884117284989861310e-26 3.608539536913665490e-27
1.073635250897445381e+01 3.987408298840726770e-26 3.706615306168614973e-27
1.084425554926565560e+01 4.005023132993006185e-26 3.807569215902561771e-27
1.095324304222309841e+01 4.087696539268751409e-26 3.911674690766776182e-27
1.106332588686855622e+01 4.202248386891794958e-26 4.019201188386405366e-27
1.117451509176170710e+01 4.273192335345328224e-26 4.130416030882317320e-27
1.128682177610102144e+01 4.245572870192327354e-26 4.245572870192326780e-27
1.140025717083570456e+01 4.371571438638834558e-26 4.364934535143544432e-27
1.151483261978882666e+01 4.394124581155248040e-26 4.488638116700068524e-27
1.163055958079172569e+01 4.534520234286926443e-26 4.616831474877606571e-27
1.174744962682983562e+01 4.358998937574345281e-26 4.749507862640772423e-27
1.186551444719998649e+01 4.587190041523506994e-26 4.886761860287447560e-27
1.198476584867938044e+01 4.716286354123171760e-26 5.028467595122774369e-27
1.210521575670631123e+01 4.670073739535168784e-26 5.174534972510788292e-27
1.222687621657270718e+01 4.721815655680743308e-26 5.324858735570708382e-27
1.234975939462871430e+01 4.739344237412953229e-26 5.479316584637603096e-27
1.247387757949935327e+01 4.491228537527206870e-26 5.637777896373764065e-27
1.259924318331341730e+01 4.435802113817409661e-26 5.800232012751148724e-27
1.272586874294470682e+01 4.796834526858658089e-26 5.966685013458445186e-27
1.285376692126576259e+01 4.713248256150742600e-26 6.137072621607932657e-27
1.298295050841416298e+01 4.804736111133152988e-26 6.311575059949922854e-27
1.311343242307159151e+01 4.738018264667979185e-26 6.490325104602424385e-27
1.324522571375572966e+01 4.133896241784940185e-26 6.673514910866690337e-27
1.337834356012513304e+01 3.779067771126966552e-26 6.861521893679243036e-27
1.351279927429724736e+01 3.172516394197392389e-26 7.054618469018914270e-27
1.364860630217962978e+01 3.148929953547697088e-26 7.253250517116267059e-27
1.378577822481460124e+01 3.489025983902014379e-26 7.457757462633604918e-27
1.392432875973736195e+01 2.568796038143847276e-26 7.668328497695590210e-27
1.406427176234778820e+01 2.599653293769368532e-26 7.885536684111717357e-27
1.420562122729600674e+01 2.213253248343544569e-26 8.109545682703591571e-27
1.434839128988189572e+01 2.081192365980476953e-26 8.340686779969729628e-27
1.449259622746864906e+01 2.070748048643452671e-26 8.579156375158046191e-27
1.463825046091054638e+01 2.110974562216210334e-26 8.825101306698811824e-27
1.478536855599507582e+01 2.180830808973129594e-26 9.078616187823380383e-27
1.493396522489954670e+01 2.516535210617643728e-26 9.339764950292536883e-27
1.508405532766235879e+01 2.172479729061619458e-26 9.608451035804639013e-27
1.523565387366901547e+01 2.241651786786839861e-26 9.884728801681737871e-27
1.538877602315312565e+01 2.247843371405236711e-26 1.016847544802783194e-26
1.554343708871245333e+01 2.303500082321170259e-26 1.045960644375289915e-26
1.569965253684021889e+01 2.459824947152967868e-26 1.075802899807098100e-26
1.585743798947178007e+01 2.774669656192840273e-26 1.106366311791305353e-26
1.601680922554687214e+01 3.251540261146527660e-26 1.137645076534568493e-26
1.617778218258754208e+01 3.006264691242009893e-26 1.169629879796754410e-26
1.634037295829193681e+01 3.614048044299770725e-26 1.202337518852865120e-26
1.650459781214412303e+01 3.780023417723401446e-26 1.235766443539963723e-26
1.667047316704004345e+01 3.820811096254570300e-26 1.269935436850714358e-26
1.683801561092989374e+01 3.460952591245327912e-26 1.304865298472502617e-26
1.700724189847692358e+01 4.507149053236475045e-26 1.340600419193722478e-26
1.717816895273297462e+01 3.983365337284940130e-26 1.377153389953133679e-26
1.735081386683079785e+01 4.394568217683079758e-26 1.414586528479518214e-26
1.752519390569341340e+01 4.134583172002015719e-26 1.452934710433385726e-26
1.770132650776068672e+01 4.184570012895820178e-26 1.492257165014346953e-26
1.787922928673315681e+01 5.377979339806989839e-26 1.532614622359035772e-26
1.805892003333349294e+01 4.820458246991324299e-26 1.574041553972148457e-26
1.824041671708558709e+01 3.773722559144352459e-26 1.616604474220991234e-26
1.842373748811156631e+01 4.480566688492168208e-26 1.660375913415503386e-26
1.860890067894685984e+01 4.613336134282142130e-26 1.705392948584599412e-26
1.879592480637345986e+01 5.299943821543212161e-26 1.751715096481063603e-26
1.898482857327168816e+01 4.015337164436599881e-26 1.799371957264305962e-26
1.917563087049049741e+01 4.297019853391058696e-26 1.848431540527933252e-26
1.936835077873663380e+01 3.594593128851271318e-26 1.898913562247455464e-26
1.956300757048272843e+01 4.531378174675688444e-26 1.950868129593844374e-26
1.975962071189461611e+01 3.568049534036989572e-26 2.004296980983919784e-26
1.992920940772703986e+01 3.523644542491530810e-26 2.433553687380040496e-26
