4.153671409358151045e+00 1.770978928824030529e-28 3.188629063291666583e-27
4.366680199581646882e+00 2.137651963654498699e-28 2.901563790625963239e-27
4.590612517508911417e+00 7.592015309218998278e-28 2.580343217928514093e-27
4.826028544047828994e+00 9.925575511513420232e-28 2.240843212936734471e-27
5.073517187332332590e+00 1.188112985123932169e-27 1.999041886729231716e-27
5.333697555913478716e+00 7.624714952633416022e-28 1.738227889571360864e-27
5.607220507498785089e+00 4.700770968710169563e-28 1.532268615540478712e-27
5.894770277114107948e+00 5.045219892941879330e-28 1.342548358916025169e-27
6.197066188760985028e+00 8.578663530211887703e-28 1.195517213997040481e-27
6.514864454851291953e+00 1.063676626767850153e-27 1.077089752191556485e-27
6.848960067920588202e+00 1.605063818387161862e-27 1.004169943958338759e-27
7.200188789352414354e+00 3.168173320872909689e-27 9.594275294304764582e-28
7.569429240088434874e+00 7.302372271581087112e-27 9.588670151305396289e-28
7.957605098554507705e+00 1.297504714398162524e-26 9.879350633021144477e-28
8.365687411300893217e+00 1.994900393231808436e-26 1.051172923370706068e-27
8.794697022136837461e+00 2.439423290610308042e-26 1.151164641496950097e-27
9.245707125836160500e+00 2.578551260785033262e-26 1.278378012883618933e-27
9.719845952802119271e+00 2.168919437311287841e-26 1.439817333769051730e-27
1.021829959140735511e+01 3.527661678007732030e-26 1.641378083673690822e-27
1.074231495506927025e+01 3.945095693907639011e-26 1.876593541030497901e-27
1.129320290148307926e+01 4.299237165190902392e-26 2.149618582595451196e-27
1.187234151181554331e+01 4.575246918739038386e-26 2.474460267429923672e-27
1.248117953806249680e+01 4.640499400845518904e-26 2.854823109745149638e-27
1.312124002719390603e+01 4.441944257336923526e-26 3.286482300235392360e-27
1.379412413115256619e+01 3.001340242042997446e-26 3.776444263037640007e-27
1.450151511223731404e+01 2.132999496620078476e-26 4.344558346363431187e-27
1.524518255389051191e+01 2.298777327145675213e-26 5.005881831336620577e-27
1.602698678742335403e+01 3.018406625842359638e-26 5.761285032079595748e-27
1.684888354575276281e+01 3.911190805063413740e-26 6.608026742354700576e-27
1.771292885579136822e+01 4.581706118676534278e-26 7.557017255769590797e-27
