6.102423328488985277e+00 6.712346646107904360e-28 1.063970776902101426e-26
6.225704607852399874e+00 9.148089903756794262e-28 1.045483819188363918e-26
6.351476418112044442e+00 1.001088212525363675e-27 1.000002565578784185e-26
6.479789073023398238e+00 1.041344837309459955e-27 9.536991509204460245e-27
6.610693902781446418e+00 1.183271505968942050e-27 9.299702420173837757e-27
6.744243274554809986e+00 1.356642852502327842e-27 9.070781648839378724e-27
6.880490613434703917e+00 1.744491210839796466e-27 8.700408943327925183e-27
7.019490423807122070e+00 2.061767726221630737e-27 8.377251117397581267e-27
7.161298311156762075e+00 2.855434492719544698e-27 8.209271525804827796e-27
7.305971004311444972e+00 3.936170787143144897e-27 8.064542602157058513e-27
7.453566378135917603e+00 6.284782683679629246e-27 7.839965843602201077e-27
7.604143476684118497e+00 6.935759267638449148e-27 7.622789515569367005e-27
7.757762536819151400e+00 1.027937509091081189e-26 7.504211398056363541e-27
7.914485012310447765e+00 1.107119703044682618e-26 7.441807584192610203e-27
8.074373598417727393e+00 1.622070045066093602e-26 7.350633017125903849e-27
8.237492256971624016e+00 1.818488273930895537e-26 7.232052141457401076e-27
8.403906241960948265e+00 2.094546087590501682e-26 7.152040557130860492e-27
8.573682125636926443e+00 2.226194504358432448e-26 7.136799889487811044e-27
8.746887825144744610e+00 2.368484189158000364e-26 7.150340934933767572e-27
8.923592629693123612e+00 2.580385551874208061e-26 7.151666608599184453e-27
9.103867228272784828e+00 2.717152894650733805e-26 7.145216947634221678e-27
9.287783737934859118e+00 2.768634251890569930e-26 7.165512130896053003e-27
9.475415732640614763e+00 1.805643135847117963e-26 7.231088489532539302e-27
9.666838272693958345e+00 2.053145900598982041e-26 7.329852274862222779e-27
9.862127934768585291e+00 2.520570336680257686e-26 7.436188455884130869e-27
1.006136284254168878e+01 3.356887770546749209e-26 7.540266598518226613e-27
1.026462269794656912e+01 3.584410942235266546e-26 7.654062337568677753e-27
1.047198881305659945e+01 3.756236288070209038e-26 7.796250772248187584e-27
1.068354414261330021e+01 3.935826324242888857e-26 7.973699171700737652e-27
1.089937331721154656e+01 4.046485982303670752e-26 8.177952296822741773e-27
1.111956267715521562e+01 4.237893693445152735e-26 8.394910562166142112e-27
1.134420030699673632e+01 4.308615856850283821e-26 8.617231713700565345e-27
1.157337607077444908e+01 4.464345314313123675e-26 8.849675456718090493e-27
1.180718164796181036e+01 4.472900860484247899e-26 9.103713920653479264e-27
1.204571057014285707e+01 4.693693375990203934e-26 9.388607228163128925e-27
1.228905825842857169e+01 4.730939444823905102e-26 9.705520286246030330e-27
1.253732206162914942e+01 4.464036689594967266e-26 1.004740846244031152e-26
1.279060129519741551e+01 4.755660540032959327e-26 1.040622102411354847e-26
1.304899728095897871e+01 4.771957956996399268e-26 1.077726392247167445e-26
1.331261338764501900e+01 3.957714394100561821e-26 1.116291031941942147e-26
1.358155507224390846e+01 3.161059527630017338e-26 1.157113952350936706e-26
1.385592992218822950e+01 3.031479118390173888e-26 1.201061143172416330e-26
1.413584769839405375e+01 2.407632952128905546e-26 1.248606841005331015e-26
1.442142037916968889e+01 2.076181620348202338e-26 1.299734041696298504e-26
1.471276220501150434e+01 2.145920644475226152e-26 1.353980199373464380e-26
1.500998972430466516e+01 2.345579300467651922e-26 1.410753148644650100e-26
1.531322183994718245e+01 2.244935831290489753e-26 1.469683618861350943e-26
1.562257985691581297e+01 2.381489016854459520e-26 1.530865746557717197e-26
1.593818753079290218e+01 3.012189154796287231e-26 1.594831233614183768e-26
1.626017111727356479e+01 3.308942163980828113e-26 1.662342537903213730e-26
1.658865942267303240e+01 3.800667805071441744e-26 1.734163183412883263e-26
1.692378385545430675e+01 3.981806640113632227e-26 1.810778112249033411e-26
