6.011237177826085798e+00 5.433865287828537492e-28 3.576419247596389904e-27
6.071651621824337042e+00 6.690709066703470208e-28 3.531763900404313491e-27
6.132673246164280556e+00 6.733287574456487532e-28 3.506815075740806048e-27
6.194308153160906549e+00 6.929705609436239335e-28 3.479020759544212208e-27
6.256562506459006023e+00 1.138751450008668008e-27 3.427952760227162743e-27
6.319442531649548833e+00 1.126658104898507398e-27 3.350800390515835702e-27
6.382954516892257679e+00 8.741179667428059181e-28 3.263101482905550520e-27
6.447104813544441093e+00 9.777035198127640563e-28 3.185008569282285055e-27
6.511899836796143148e+00 1.105480811786160936e-27 3.127928126647951173e-27
6.577346066311683614e+00 1.133802021019208921e-27 3.090149075561994114e-27
6.643450046877629411e+00 1.233072272133920075e-27 3.059950083936359034e-27
6.710218389057304833e+00 1.296930854972995081e-27 3.023181810813228671e-27
6.777657769851851199e+00 1.416763400228104815e-27 2.972045334553151643e-27
6.845774933367950510e+00 1.441268556397746505e-27 2.909486494631124171e-27
6.914576691492250404e+00 2.050513237762113918e-27 2.845912476862825819e-27
6.984069924572573917e+00 1.832358595296640101e-27 2.791771809816691009e-27
7.054261582105967321e+00 2.293187191813961275e-27 2.752129861725860351e-27
7.125158683433665097e+00 2.605574647191164315e-27 2.725184821540418636e-27
7.196768318443049317e+00 3.107393669616962053e-27 2.704134392525522981e-27
7.269097648276646950e+00 3.445552770082518655e-27 2.680900139608626021e-27
7.342153906048272560e+00 4.431147991360221376e-27 2.650337613857807082e-27
7.415944397566345714e+00 6.070835663262884392e-27 2.612631193843467250e-27
7.490476502064499442e+00 6.499960874664098493e-27 2.572467556282096811e-27
7.565757672939518841e+00 7.088150493413612936e-27 2.535974232114548973e-27
7.641795438496700399e+00 6.780815255286195056e-27 2.507502338189804433e-27
7.718597402702696897e+00 1.013457307712328479e-26 2.488161333409515601e-27
7.796171245945941131e+00 1.042410854208919475e-26 2.475649423429276524e-27
7.874524725804693759e+00 9.480688553139279326e-27 2.465846933793870997e-27
7.953665677822832514e+00 1.267603814837914444e-26 2.454652132029012243e-27
8.033602016293412973e+00 1.441845627477120908e-26 2.439560087157043754e-27
8.114341735050130566e+00 1.803862040177799957e-26 2.420835609905727447e-27
8.195892908266715793e+00 1.717588704132826678e-26 2.400785311906232191e-27
8.278263691264371005e+00 1.920126846271587998e-26 2.382759669488163109e-27
8.361462321327326919e+00 2.080017395124249741e-26 2.369355100166610556e-27
8.445497118526597902e+00 2.108901872165202892e-26 2.361726444342250688e-27
8.530376486551993764e+00 2.152439491478861432e-26 2.359401658172029614e-27
8.616108913552515958e+00 2.300349565995076022e-26 2.360632654180562316e-27
8.702702972985203900e+00 2.354695245867593497e-26 2.363114893367016737e-27
8.790167324472491828e+00 2.382046318092008609e-26 2.364918871308256599e-27
8.878510714668193415e+00 2.534031417184370858e-26 2.365118624406331793e-27
8.967741978132194092e+00 2.626804876240678231e-26 2.363957564754647595e-27
9.057870038213927444e+00 2.655372439304725746e-26 2.362670813551878877e-27
9.148903907944720970e+00 2.779129610104817696e-26 2.362924585243520324e-27
9.240852690939139080e+00 2.805805049480856174e-26 2.366149938107836771e-27
9.333725582305360646e+00 2.730654401175347216e-26 2.373194708119668996e-27
9.427531869564711897e+00 1.898210089995472204e-26 2.384045496786365923e-27
9.522280933580438145e+00 1.711860037022599564e-26 2.398262264918324930e-27
9.617982249495819147e+00 2.081577289413939221e-26 2.414759384425391469e-27
9.714645387681708044e+00 2.024101703851795957e-26 2.432241754356471987e-27
9.812280014693582686e+00 2.254159068829732684e-26 2.449877116509502146e-27
9.910895894238242576e+00 2.789255045625937039e-26 2.467226418251751937e-27
1.001050288815018519e+01 3.230005925984259071e-26 2.484359520130113517e-27
1.011111095737782684e+01 3.484503311149865204e-26 2.501850960849968453e-27
1.021273016297961433e+01 3.546794128951756662e-26 2.520538959320273011e-27
1.031537066713016237e+01 3.621824011481190807e-26 2.541290277064492406e-27
1.041904273413649662e+01 3.755702778861627868e-26 2.564744763039008428e-27
1.052375673146450019e+01 3.756161691855143687e-26 2.591178549100303330e-27
1.062952313077570388e+01 3.884117284989861310e-26 2.620548812409622158e-27
1.073635250897445381e+01 3.987408298840726770e-26 2.652448526436486548e-27
1.084425554926565560e+01 4.005023132993006185e-26 2.686280901264879659e-27
1.095324304222309841e+01 4.087696539268751409e-26 2.721421936917173979e-27
1.106332588686855622e+01 4.202248386891794958e-26 2.757327588237077986e-27
1.117451509176170710e+01 4.273192335345328224e-26 2.793665907639398707e-27
1.128682177610102144e+01 4.245572870192327354e-26 2.830381913461551665e-27
1.140025717083570456e+01 4.371571438638834558e-26 2.867717561053957149e-27
1.151483261978882666e+01 4.394124581155248040e-26 2.906064366610401151e-27
1.163055958079172569e+01 4.534520234286926443e-26 2.945961086294139760e-27
1.174744962682983562e+01 4.358998937574345281e-26 2.987873783331143956e-27
1.186551444719998649e+01 4.587190041523506994e-26 3.032273952841991719e-27
1.198476584867938044e+01 4.716286354123171760e-26 3.079348806665520930e-27
1.210521575670631123e+01 4.670073739535168784e-26 3.129221589365415726e-27
1.222687621657270718e+01 4.721815655680743308e-26 3.181589193674660591e-27
1.234975939462871430e+01 4.739344237412953229e-26 3.236241374541519903e-27
1.247387757949935327e+01 4.491228537527206870e-26 3.292786698639057522e-27
1.259924318331341730e+01 4.435802113817409661e-26 3.350885252724712771e-27
1.272586874294470682e+01 4.796834526858658089e-26 3.410237876764984007e-27
1.285376692126576259e+01 4.713248256150742600e-26 3.470574102876368332e-27
1.298295050841416298e+01 4.804736111133152988e-26 3.531898996796850836e-27
1.311343242307159151e+01 4.738018264667979185e-26 3.594295309596048402e-27
1.324522571375572966e+01 4.133896241784940185e-26 3.657979351465731208e-27
1.337834356012513304e+01 3.779067771126966552e-26 3.723353793974161630e-27
1.351279927429724736e+01 3.172516394197392389e-26 3.790761565032338799e-27
1.364860630217962978e+01 3.148929953547697088e-26 3.860636184280177035e-27
1.378577822481460124e+01 3.489025983902014379e-26 3.933269701993896755e-27
1.392432875973736195e+01 2.568796038143847276e-26 4.008757349796647660e-27
1.406427176234778820e+01 2.599653293769368532e-26 4.087362563380763256e-27
1.420562122729600674e+01 2.213253248343544569e-26 4.168967208928392937e-27
1.434839128988189572e+01 2.081192365980476953e-26 4.253495823115979655e-27
1.449259622746864906e+01 2.070748048643452671e-26 4.340734226590845154e-27
1.463825046091054638e+01 2.110974562216210334e-26 4.430427101096510401e-27
1.478536855599507582e+01 2.180830808973129594e-26 4.522316127452963261e-27
1.493396522489954670e+01 2.516535210617643728e-26 4.616192392884338873e-27
1.508405532766235879e+01 2.172479729061619458e-26 4.711834473653851017e-27
1.523565387366901547e+01 2.241651786786839861e-26 4.809246310223543348e-27
1.538877602315312565e+01 2.247843371405236711e-26 4.908430301754960812e-27
1.554343708871245333e+01 2.303500082321170259e-26 5.009529567686101127e-27
1.569965253684021889e+01 2.459824947152967868e-26 5.112772626918897301e-27
1.585743798947178007e+01 2.774669656192840273e-26 5.218455929451228849e-27
1.601680922554687214e+01 3.251540261146527660e-26 5.326912070565920700e-27
1.617778218258754208e+01 3.006264691242009893e-26 5.438429395720470108e-27
1.634037295829193681e+01 3.614048044299770725e-26 5.553424329012657084e-27
1.650459781214412303e+01 3.780023417723401446e-26 5.672094284276161860e-27
1.667047316704004345e+01 3.820811096254570300e-26 5.794667871572323551e-27
1.683801561092989374e+01 3.460952591245327912e-26 5.921260590371128732e-27
