6.197066188760985028e+00 8.578663530211887703e-28 2.639019724934482392e-27
6.514864454851291953e+00 1.063676626767850153e-27 2.372263781721673655e-27
6.848960067920588202e+00 1.605063818387161862e-27 2.205766589065692315e-27
7.200188789352414354e+00 3.168173320872909689e-27 2.051460799540876375e-27
7.569429240088434874e+00 7.302372271581087112e-27 1.923393335139370574e-27
7.957605098554507705e+00 1.297504714398162524e-26 1.862391501041931952e-27
8.365687411300893217e+00 1.994900393231808436e-26 1.797737018668484727e-27
8.794697022136837461e+00 2.439423290610308042e-26 1.794825169870904698e-27
9.245707125836160500e+00 2.578551260785033262e-26 1.795896604862936729e-27
9.719845952802119271e+00 2.168919437311287841e-26 1.846603944568605586e-27
1.021829959140735511e+01 3.527661678007732030e-26 1.913693655537275282e-27
1.074231495506927025e+01 3.945095693907639011e-26 2.014379156323311120e-27
1.129320290148307926e+01 4.299237165190902392e-26 2.149618582595451196e-27
1.187234151181554331e+01 4.575246918739038386e-26 2.303245126739452953e-27
1.248117953806249680e+01 4.640499400845518904e-26 2.501516337683944580e-27
1.312124002719390603e+01 4.441944257336923526e-26 2.730606361252122902e-27
1.379412413115256619e+01 3.001340242042997446e-26 2.988407835315042356e-27
1.450151511223731404e+01 2.132999496620078476e-26 3.298401188242648070e-27
1.524518255389051191e+01 2.298777327145675213e-26 3.654493070916199677e-27
1.602698678742335403e+01 3.018406625842359638e-26 4.047983460276907931e-27
1.684888354575276281e+01 3.911190805063413740e-26 4.500078185432561722e-27
