3.030303030303030276e+00 5.397942925655682794e-30 1.522601631436458742e-26
3.091521273339455256e+00 6.324220785780661712e-30 1.474820841737728998e-26
3.153976248558433504e+00 1.296970004875944133e-29 1.453770076344614139e-26
3.217692940448503514e+00 8.066338038903501662e-30 1.407427389324979061e-26
3.282696838235341641e+00 1.558087205344594764e-29 1.407402109780149701e-26
3.349013946078480242e+00 2.316981492693866077e-29 1.405042816755406353e-26
3.416670793474004597e+00 4.109764781912073986e-29 1.385721575850984137e-26
3.485694445867419500e+00 6.038549910080938932e-29 1.410975080831196606e-26
3.556112515480902569e+00 7.771719795788696793e-29 1.418547899894118940e-26
3.627953172359304812e+00 1.018799271888604650e-28 1.403073329531951187e-26
3.701245155639290907e+00 1.278924094190133900e-28 1.427824683951443190e-26
3.776017785046144937e+00 1.591637467187934835e-28 1.430169499742075577e-26
3.852300972622835218e+00 1.909463265085757140e-28 1.390863485244492162e-26
3.930125234696023817e+00 2.274056531682305668e-28 1.382702062091178191e-26
4.009521704083822691e+00 2.558837977542253490e-28 1.369420105284032096e-26
4.090522142550161888e+00 2.544756978737136417e-28 1.305892680561856331e-26
4.173158953510770708e+00 1.651360015197324894e-28 1.253640022120920589e-26
4.257465194995837088e+00 4.261482488974311776e-29 1.224346946287130309e-26
4.343474592874541074e+00 5.282141060223519160e-29 1.168367951963975591e-26
4.431221554346754132e+00 4.653796693664701445e-28 1.097428866213087757e-26
4.520741181707295553e+00 6.496732206889684922e-28 1.049844059670452796e-26
4.612069286388249978e+00 7.992701573083511610e-28 1.011583702096765488e-26
4.705242403284982444e+00 8.858122046636204764e-28 9.569787668237719363e-27
4.800297805371548598e+00 8.857130847387762769e-28 8.998452456838320443e-27
4.897273518611378051e+00 1.164768824725618423e-27 8.584359180786604868e-27
4.996208337169183444e+00 1.153873322522386685e-27 8.235689831068874059e-27
5.097141838930177471e+00 1.200389128432577760e-27 7.807165577473354946e-27
5.200114401332808001e+00 9.040799857992405657e-28 7.347628712471578017e-27
5.305167217521349343e+00 9.404106311206772417e-28 6.968291766355953642e-27
5.412342312824811152e+00 6.779469631054461615e-28 6.658868965129026987e-27
5.521682561568746372e+00 5.733690423474496808e-28 6.337200239455034865e-27
5.633231704226702163e+00 4.023251627083464585e-28 5.984379493224215159e-27
5.747034364918150118e+00 4.283964481270145998e-28 5.654019252365417683e-27
5.863136069259931027e+00 4.880768992958803413e-28 5.380740612305678814e-27
5.981583262578313409e+00 5.413875385857018052e-28 5.144783356323069312e-27
6.102423328488985277e+00 6.712346646107904360e-28 4.912571728281200720e-27
6.225704607852399874e+00 9.148089903756794262e-28 4.680794634776622053e-27
6.351476418112044442e+00 1.001088212525363675e-27 4.472229631781581843e-27
6.479789073023398238e+00 1.041344837309459955e-27 4.303274056701616380e-27
6.610693902781446418e+00 1.183271505968942050e-27 4.169282197497914230e-27
6.744243274554809986e+00 1.356642852502327842e-27 4.055298330442141885e-27
6.880490613434703917e+00 1.744491210839796466e-27 3.953274910028545713e-27
7.019490423807122070e+00 2.061767726221630737e-27 3.867928887970782483e-27
7.161298311156762075e+00 2.855434492719544698e-27 3.809013564574104205e-27
7.305971004311444972e+00 3.936170787143144897e-27 3.781236227558496342e-27
7.453566378135917603e+00 6.284782683679629246e-27 3.781470792481237339e-27
7.604143476684118497e+00 6.935759267638449148e-27 3.802497457649471811e-27
7.757762536819151400e+00 1.027937509091081189e-26 3.839704978127970613e-27
7.914485012310447765e+00 1.107119703044682618e-26 3.893264530816772921e-27
8.074373598417727393e+00 1.622070045066093602e-26 3.967839676937355609e-27
8.237492256971624016e+00 1.818488273930895537e-26 4.067150467693173266e-27
8.403906241960948265e+00 2.094546087590501682e-26 4.192407273393198099e-27
8.573682125636926443e+00 2.226194504358432448e-26 4.340983370769707037e-27
8.746887825144744610e+00 2.368484189158000364e-26 4.508861111992990090e-27
8.923592629693123612e+00 2.580385551874208061e-26 4.693093456735938803e-27
9.103867228272784828e+00 2.717152894650733805e-26 4.893541510951436755e-27
9.287783737934859118e+00 2.768634251890569930e-26 5.112907369418283465e-27
9.475415732640614763e+00 1.805643135847117963e-26 5.354606933612550289e-27
9.666838272693958345e+00 2.053145900598982041e-26 5.622450872938407601e-27
9.862127934768585291e+00 2.520570336680257686e-26 5.916709012756996627e-27
1.006136284254168878e+01 3.356887770546749209e-26 6.235966386852525121e-27
1.026462269794656912e+01 3.584410942235266546e-26 6.577335488276953568e-27
1.047198881305659945e+01 3.756236288070209038e-26 6.939047582543127390e-27
1.068354414261330021e+01 3.935826324242888857e-26 7.321004943115539083e-27
1.089937331721154656e+01 4.046485982303670752e-26 7.725350580754580854e-27
1.111956267715521562e+01 4.237893693445152735e-26 8.156000555576446946e-27
1.134420030699673632e+01 4.308615856850283821e-26 8.617231713700565345e-27
1.157337607077444908e+01 4.464345314313123675e-26 9.112624850807795610e-27
1.180718164796181036e+01 4.472900860484247899e-26 9.643946561804560320e-27
1.204571057014285707e+01 4.693693375990203934e-26 1.021125603743192686e-26
1.228905825842857169e+01 4.730939444823905102e-26 1.081306349421319613e-26
1.253732206162914942e+01 4.464036689594967266e-26 1.144751391471552045e-26
1.279060129519741551e+01 4.755660540032959327e-26 1.211384680135016682e-26
1.304899728095897871e+01 4.771957956996399268e-26 1.281253967960467766e-26
1.331261338764501900e+01 3.957714394100561821e-26 1.354620946068314626e-26
1.358155507224390846e+01 3.161059527630017338e-26 1.431959089074171869e-26
1.385592992218822950e+01 3.031479118390173888e-26 1.513841032991828658e-26
1.413584769839405375e+01 2.407632952128905546e-26 1.600809532549295603e-26
1.442142037916968889e+01 2.076181620348202338e-26 1.693365070359235433e-26
1.471276220501150434e+01 2.145920644475226152e-26 1.791843056484476865e-26
1.500998972430466516e+01 2.345579300467651922e-26 1.896393521661797237e-26
1.531322183994718245e+01 2.244935831290489753e-26 2.007000796182708824e-26
1.562257985691581297e+01 2.381489016854459520e-26 2.123557238868160310e-26
1.593818753079290218e+01 3.012189154796287231e-26 2.245920337043159157e-26
1.626017111727356479e+01 3.308942163980828113e-26 2.373991265379957753e-26
1.658865942267303240e+01 3.800667805071441744e-26 2.507839330579084302e-26
1.692378385545430675e+01 3.981806640113632227e-26 2.647715928262295652e-26
1.726567847879681850e+01 4.188331432162853629e-26 2.794103926136350764e-26
1.761448006422705603e+01 4.159843696344109347e-26 2.947673611401527452e-26
1.797032814633265119e+01 5.101095931946365502e-26 3.109262926258407284e-26
1.833336507858180298e+01 4.125770498735518905e-26 3.279722702264109086e-26
1.870373609027032202e+01 4.955397944723752669e-26 3.459999305675484733e-26
1.908158934461921774e+01 4.155874310649085571e-26 3.650859098179095821e-26
1.946707599804586764e+01 4.061036599824761067e-26 3.853018170813230176e-26
1.983087337901316261e+01 3.550174344068033889e-26 4.386231216061978747e-26
