6.011237177826085798e+00 5.433865287828537492e-28 5.084218428951459833e-27
6.071651621824337042e+00 6.690709066703470208e-28 4.968245473966006164e-27
6.132673246164280556e+00 6.733287574456487532e-28 4.851107445476669050e-27
6.194308153160906549e+00 6.929705609436239335e-28 4.734857734649691365e-27
6.256562506459006023e+00 1.138751450008668008e-27 4.622844384060249814e-27
6.319442531649548833e+00 1.126658104898507398e-27 4.518304869650299068e-27
6.382954516892257679e+00 8.741179667428059181e-28 4.423478032306298906e-27
6.447104813544441093e+00 9.777035198127640563e-28 4.339105573003714930e-27
6.511899836796143148e+00 1.105480811786160936e-27 4.264431252246820550e-27
6.577346066311683614e+00 1.133802021019208921e-27 4.197710609949508002e-27
6.643450046877629411e+00 1.233072272133920075e-27 4.136851291394040122e-27
6.710218389057304833e+00 1.296930854972995081e-27 4.080017246412891840e-27
6.777657769851851199e+00 1.416763400228104815e-27 4.026128766485988658e-27
6.845774933367950510e+00 1.441268556397746505e-27 3.975035883843277925e-27
6.914576691492250404e+00 2.050513237762113918e-27 3.927482082087525904e-27
6.984069924572573917e+00 1.832358595296640101e-27 3.884615266403254532e-27
7.054261582105967321e+00 2.293187191813961275e-27 3.847871657499573313e-27
7.125158683433665097e+00 2.605574647191164315e-27 3.818307635064954371e-27
7.196768318443049317e+00 3.107393669616962053e-27 3.796566922615408725e-27
7.269097648276646950e+00 3.445552770082518655e-27 3.782688709608630085e-27
7.342153906048272560e+00 4.431147991360221376e-27 3.776268926514452538e-27
7.415944397566345714e+00 6.070835663262884392e-27 3.776498085514672527e-27
7.490476502064499442e+00 6.499960874664098493e-27 3.782308071531178965e-27
7.565757672939518841e+00 7.088150493413612936e-27 3.792884071271974897e-27
7.641795438496700399e+00 6.780815255286195056e-27 3.807516385132539359e-27
7.718597402702696897e+00 1.013457307712328479e-26 3.826168358908094750e-27
7.796171245945941131e+00 1.042410854208919475e-26 3.848536467341361778e-27
7.874524725804693759e+00 9.480688553139279326e-27 3.875119541060377255e-27
7.953665677822832514e+00 1.267603814837914444e-26 3.906802108240575414e-27
8.033602016293412973e+00 1.441845627477120908e-26 3.943910787614876441e-27
8.114341735050130566e+00 1.803862040177799957e-26 3.987182222934029724e-27
8.195892908266715793e+00 1.717588704132826678e-26 4.036645585439392833e-27
8.278263691264371005e+00 1.920126846271587998e-26 4.092824872579224759e-27
8.361462321327326919e+00 2.080017395124249741e-26 4.155421559395692673e-27
8.445497118526597902e+00 2.108901872165202892e-26 4.224054030816792223e-27
8.530376486551993764e+00 2.152439491478861432e-26 4.298311767030821546e-27
8.616108913552515958e+00 2.300349565995076022e-26 4.377691779345210356e-27
8.702702972985203900e+00 2.354695245867593497e-26 4.461582654687616193e-27
8.790167324472491828e+00 2.382046318092008609e-26 4.549623276633398563e-27
8.878510714668193415e+00 2.534031417184370858e-26 4.641669288029215160e-27
8.967741978132194092e+00 2.626804876240678231e-26 4.737625279348743420e-27
9.057870038213927444e+00 2.655372439304725746e-26 4.837684426575433253e-27
9.148903907944720970e+00 2.779129610104817696e-26 4.942277546405440310e-27
9.240852690939139080e+00 2.805805049480856174e-26 5.051782888356207077e-27
9.333725582305360646e+00 2.730654401175347216e-26 5.166700634784439327e-27
9.427531869564711897e+00 1.898210089995472204e-26 5.287225687978012101e-27
9.522280933580438145e+00 1.711860037022599564e-26 5.414327345572271518e-27
9.617982249495819147e+00 2.081577289413939221e-26 5.548196398550355501e-27
9.714645387681708044e+00 2.024101703851795957e-26 5.688520538474940848e-27
9.812280014693582686e+00 2.254159068829732684e-26 5.835522771462607004e-27
9.910895894238242576e+00 2.789255045625937039e-26 5.989007672065934607e-27
1.001050288815018519e+01 3.230005925984259071e-26 6.148529726553954049e-27
1.011111095737782684e+01 3.484503311149865204e-26 6.313722066000653875e-27
1.021273016297961433e+01 3.546794128951756662e-26 6.484260037110055930e-27
1.031537066713016237e+01 3.621824011481190807e-26 6.659954825716422763e-27
1.041904273413649662e+01 3.755702778861627868e-26 6.840663471870149729e-27
1.052375673146450019e+01 3.756161691855143687e-26 7.026298489777489606e-27
1.062952313077570388e+01 3.884117284989861310e-26 7.217079073827330980e-27
1.073635250897445381e+01 3.987408298840726770e-26 7.413230612337229946e-27
1.084425554926565560e+01 4.005023132993006185e-26 7.615138431805123543e-27
1.095324304222309841e+01 4.087696539268751409e-26 7.823349381533552365e-27
1.106332588686855622e+01 4.202248386891794958e-26 8.038402376772810732e-27
1.117451509176170710e+01 4.273192335345328224e-26 8.260832061764634639e-27
1.128682177610102144e+01 4.245572870192327354e-26 8.491145740384653561e-27
1.140025717083570456e+01 4.371571438638834558e-26 8.729869070287088863e-27
1.151483261978882666e+01 4.394124581155248040e-26 8.977276233400137048e-27
1.163055958079172569e+01 4.534520234286926443e-26 9.233662949755213142e-27
1.174744962682983562e+01 4.358998937574345281e-26 9.499015725281544847e-27
1.186551444719998649e+01 4.587190041523506994e-26 9.773523720574895120e-27
1.198476584867938044e+01 4.716286354123171760e-26 1.005693519024554874e-26
1.210521575670631123e+01 4.670073739535168784e-26 1.034906994502157658e-26
1.222687621657270718e+01 4.721815655680743308e-26 1.064971747114141676e-26
1.234975939462871430e+01 4.739344237412953229e-26 1.095863316927520619e-26
1.247387757949935327e+01 4.491228537527206870e-26 1.127555579274752813e-26
1.259924318331341730e+01 4.435802113817409661e-26 1.160046402550229745e-26
1.272586874294470682e+01 4.796834526858658089e-26 1.193337002691689037e-26
1.285376692126576259e+01 4.713248256150742600e-26 1.227414524321586531e-26
1.298295050841416298e+01 4.804736111133152988e-26 1.262315011989984571e-26
1.311343242307159151e+01 4.738018264667979185e-26 1.298065020920484877e-26
1.324522571375572966e+01 4.133896241784940185e-26 1.334702982173338067e-26
1.337834356012513304e+01 3.779067771126966552e-26 1.372304378735848607e-26
1.351279927429724736e+01 3.172516394197392389e-26 1.410923693803782854e-26
1.364860630217962978e+01 3.148929953547697088e-26 1.450650103423253412e-26
1.378577822481460124e+01 3.489025983902014379e-26 1.491551492526720984e-26
1.392432875973736195e+01 2.568796038143847276e-26 1.533665699539118042e-26
1.406427176234778820e+01 2.599653293769368532e-26 1.577107336822343471e-26
1.420562122729600674e+01 2.213253248343544569e-26 1.621909136540718314e-26
1.434839128988189572e+01 2.081192365980476953e-26 1.668137355993945926e-26
1.449259622746864906e+01 2.070748048643452671e-26 1.715831275031609238e-26
1.463825046091054638e+01 2.110974562216210334e-26 1.765020261339762365e-26
1.478536855599507582e+01 2.180830808973129594e-26 1.815723237564676077e-26
1.493396522489954670e+01 2.516535210617643728e-26 1.867952990058507377e-26
1.508405532766235879e+01 2.172479729061619458e-26 1.921690207160927803e-26
1.523565387366901547e+01 2.241651786786839861e-26 1.976945760336347574e-26
1.538877602315312565e+01 2.247843371405236711e-26 2.033695089605566387e-26
1.554343708871245333e+01 2.303500082321170259e-26 2.091921288750579830e-26
1.569965253684021889e+01 2.459824947152967868e-26 2.151605799614196201e-26
1.585743798947178007e+01 2.774669656192840273e-26 2.212732623582610706e-26
1.601680922554687214e+01 3.251540261146527660e-26 2.275290153069136985e-26
1.617778218258754208e+01 3.006264691242009893e-26 2.339259759593508819e-26
1.634037295829193681e+01 3.614048044299770725e-26 2.404675037705730240e-26
1.650459781214412303e+01 3.780023417723401446e-26 2.471532887079927447e-26
1.667047316704004345e+01 3.820811096254570300e-26 2.539870873701428717e-26
1.683801561092989374e+01 3.460952591245327912e-26 2.609730596945005234e-26
