3.076923076923077094e+00 6.685175651782414087e-30 3.188138221103895332e-26
3.234714003944773264e+00 1.262921616123250460e-29 2.962773752607616107e-26
3.400596773377838389e+00 3.641127590824496915e-29 2.623861086446563730e-26
3.574986351499779058e+00 8.499736217004481119e-29 2.345403594940312585e-26
3.758318984910023808e+00 1.512812386360408777e-28 2.031237073113249397e-26
3.951053291828486635e+00 2.328311971779861317e-28 1.712589196749386067e-26
4.153671409358151045e+00 1.770978928824030529e-28 1.455820349939987186e-26
4.366680199581646882e+00 2.137651963654498699e-28 1.285075459062626165e-26
4.590612517508911417e+00 7.592015309218998278e-28 1.192924992015146919e-26
4.826028544047828994e+00 9.925575511513420232e-28 1.161211167987002731e-26
5.073517187332332590e+00 1.188112985123932169e-27 1.164741335338249233e-26
5.333697555913478716e+00 7.624714952633416022e-28 1.171063509122866550e-26
5.607220507498785089e+00 4.700770968710169563e-28 1.161379845680798248e-26
5.894770277114107948e+00 5.045219892941879330e-28 1.132781690105068884e-26
6.197066188760985028e+00 8.578663530211887703e-28 1.055607889973792957e-26
6.514864454851291953e+00 1.063676626767850153e-27 9.489055126886694621e-27
6.848960067920588202e+00 1.605063818387161862e-27 8.823066356262769260e-27
7.200188789352414354e+00 3.168173320872909689e-27 8.205843198163505500e-27
7.569429240088434874e+00 7.302372271581087112e-27 7.693573340557482296e-27
7.957605098554507705e+00 1.297504714398162524e-26 7.449566004167727807e-27
8.365687411300893217e+00 1.994900393231808436e-26 7.190948074673938909e-27
8.794697022136837461e+00 2.439423290610308042e-26 7.179300679483618793e-27
9.245707125836160500e+00 2.578551260785033262e-26 7.183586419451746915e-27
9.719845952802119271e+00 2.168919437311287841e-26 7.386415778274422346e-27
1.021829959140735511e+01 3.527661678007732030e-26 7.654774622149101129e-27
1.074231495506927025e+01 3.945095693907639011e-26 8.057516625293244482e-27
1.129320290148307926e+01 4.299237165190902392e-26 8.598474330381804784e-27
1.187234151181554331e+01 4.575246918739038386e-26 9.212980506957811811e-27
1.248117953806249680e+01 4.640499400845518904e-26 1.000606535073577832e-26
1.312124002719390603e+01 4.441944257336923526e-26 1.092242544500849161e-26
1.379412413115256619e+01 3.001340242042997446e-26 1.195363134126016943e-26
1.450151511223731404e+01 2.132999496620078476e-26 1.319360475297059228e-26
1.524518255389051191e+01 2.298777327145675213e-26 1.461797228366479871e-26
1.602698678742335403e+01 3.018406625842359638e-26 1.619193384110763173e-26
1.684888354575276281e+01 3.911190805063413740e-26 1.800031274173024689e-26
1.771292885579136822e+01 4.581706118676534278e-26 2.010790336637463074e-26
1.862128418172938282e+01 4.437336244673056001e-26 2.247653281561653147e-26
1.954340814313631114e+01 3.932162639125077703e-26 2.585758773449995227e-26
