3.043478260869565410e+00 5.614496835482272044e-30 1.509601864214628794e-26
3.131695022054190147e+00 9.904723755991799071e-30 1.469301165345711960e-26
3.222468790809383865e+00 1.020911419858739485e-29 1.409016214127718953e-26
3.315873683296612029e+00 1.839816776244478500e-29 1.415616360649167918e-26
3.411985963971876146e+00 3.951954373162909386e-29 1.389240068884103784e-26
3.510884107855119396e+00 6.665703692087101455e-29 1.423744991766856022e-26
3.612648864604542265e+00 9.590824838104768179e-29 1.407134529346198230e-26
3.717363324448152984e+00 1.340822639391701752e-28 1.437300698140072287e-26
3.825112986026359962e+00 1.790495094311564174e-28 1.407453628028052076e-26
3.935985826201037430e+00 2.299183428686594156e-28 1.386566734727758688e-26
4.050072371888023604e+00 2.566907344860664757e-28 1.344308046815106247e-26
4.167465773971734677e+00 1.702577069728602493e-28 1.259194937929415054e-26
4.288261883362220139e+00 3.965609136445005403e-29 1.211704869871224496e-26
4.412559329256776408e+00 3.436985051174183915e-28 1.113900846828694107e-26
4.540459599670016111e+00 6.755737889487176640e-28 1.044653651524194963e-26
4.672067124298132867e+00 8.622823577446049535e-28 9.805254311955970950e-27
4.807489359785034111e+00 9.275705988405638917e-28 8.984389532567147311e-27
4.946836877459961812e+00 1.211509733694495212e-27 8.434364093836626563e-27
5.090223453618222926e+00 1.146299579089953912e-27 7.858731868963617536e-27
5.237766162418751925e+00 8.793383931823284311e-28 7.217383255933569786e-27
5.389585471474367395e+00 7.817772126068354588e-28 6.739450136369249224e-27
5.545805340212755397e+00 5.284533578234783443e-28 6.277592357050323006e-27
5.706553321088486008e+00 3.972865431192891102e-28 5.779458798008008226e-27
5.871960663728732932e+00 5.080550204119385342e-28 5.375835223090047765e-27
6.042162422097681507e+00 6.074972757695543931e-28 5.041261599884780583e-27
6.217297564767179097e+00 9.168148521506344338e-28 4.707968339445747478e-27
6.397509088383619869e+00 9.529216897287640899e-28 4.417692576825825858e-27
6.582944134423724059e+00 1.151336027880867699e-27 4.205987849099594269e-27
6.773754109334557683e+00 1.384457724052751122e-27 4.042280531411382677e-27
6.970094808155849364e+00 1.906471170566760999e-27 3.905435075331085345e-27
7.172126541725583948e+00 3.038084012539364754e-27 3.815519526422872187e-27
7.380014267572701847e+00 4.630602288060515746e-27 3.787879143952230527e-27
7.593927724603795504e+00 7.603748049523878486e-27 3.810271040673439204e-27
7.814041571693762123e+00 1.016244142888809331e-26 3.866774829430773526e-27
8.040535530293579924e+00 1.513534005193378948e-26 3.960275549905587964e-27
8.273594531171653443e+00 1.895556490859153695e-26 4.102792886776865776e-27
8.513408865408514714e+00 2.162069231000586083e-26 4.297062707615458362e-27
8.760174339768180829e+00 2.417392240873675101e-26 4.533819699578608241e-27
9.014092436573056588e+00 2.638051392443528303e-26 4.804265963595892626e-27
9.275370478212854763e+00 2.724776965936067366e-26 5.110530283589329335e-27
9.544221796421922477e+00 1.857564812247104727e-26 5.462308434603050198e-27
9.820865906463136952e+00 2.361316617175489902e-26 5.867767379035454725e-27
1.010552868636061774e+01 3.414213805883268957e-26 6.324966263413644808e-27
1.039844256132758993e+01 3.700165806148313591e-26 6.826656072116586420e-27
1.069984669353998541e+01 3.922522807281599049e-26 7.369708101564741547e-27
1.100998717741070720e+01 4.151067087335900520e-26 7.959420472132317993e-27
1.132911724052406477e+01 4.303689340855923000e-26 8.607378681711847147e-27
1.165749745039432561e+01 4.452627290893298198e-26 9.324500474362201188e-27
1.199539592721735026e+01 4.660205154497475825e-26 1.011530384124211210e-26
1.234308856278886779e+01 4.661844871478061019e-26 1.097734866129149326e-26
1.270085924576825320e+01 4.635454796460725322e-26 1.190588198913681447e-26
1.306900009347168279e+01 4.652250451533041199e-26 1.290018061513477150e-26
1.344781169038390445e+01 3.531817410692971012e-26 1.396708855568073863e-26
1.383760333358343786e+01 3.012263863223159395e-26 1.512110316173836375e-26
1.423869328528150646e+01 2.227490840022797422e-26 1.637847890252992397e-26
1.465140903268097183e+01 2.125769496547582980e-26 1.775276748734459482e-26
1.507608755536737632e+01 2.307815031146209428e-26 1.925064145986887860e-26
1.551307560045048639e+01 2.318597210532457807e-26 2.087197309307551688e-26
1.596272996568093561e+01 3.003868260781967990e-26 2.261312182953384849e-26
1.642541779077313535e+01 3.610572073381833278e-26 2.447140686325018228e-26
1.690151685717235708e+01 3.921337967714113090e-26 2.645030376107536892e-26
1.739141589651068642e+01 4.130757320086685714e-26 2.856199207463170344e-26
1.789551490800375078e+01 4.863176804664639218e-26 3.082681018856011796e-26
1.841422548504733570e+01 4.262928571822646742e-26 3.326967652322683875e-26
1.894797115128059062e+01 4.709943487486705743e-26 3.591671547134396525e-26
1.949718770639017507e+01 3.808602703619170999e-26 3.878973297020991173e-26
1.988785947966930223e+01 3.675062639996899727e-26 6.514257700711448885e-26
