3.043478260869565410e+00 5.614496835482272044e-30 7.644054614914515635e-27
3.131695022054190147e+00 9.904723755991799071e-30 7.568066802596135945e-27
3.222468790809383865e+00 1.020911419858739485e-29 7.541633945560055562e-27
3.315873683296612029e+00 1.839816776244478500e-29 7.251259280520247394e-27
3.411985963971876146e+00 3.951954373162909386e-29 6.538509662088029542e-27
3.510884107855119396e+00 6.665703692087101455e-29 6.009382200701146038e-27
3.612648864604542265e+00 9.590824838104768179e-29 5.715970733171448061e-27
3.717363324448152984e+00 1.340822639391701752e-28 5.153459310945705521e-27
3.825112986026359962e+00 1.790495094311564174e-28 4.659519771544006634e-27
3.935985826201037430e+00 2.299183428686594156e-28 4.332247146280844808e-27
4.050072371888023604e+00 2.566907344860664757e-28 3.862904233636699732e-27
4.167465773971734677e+00 1.702577069728602493e-28 3.580264451165587316e-27
4.288261883362220139e+00 3.965609136445005403e-29 3.319867035048815848e-27
4.412559329256776408e+00 3.436985051174183915e-28 3.107428528922288013e-27
4.540459599670016111e+00 6.755737889487176640e-28 3.007546661502173814e-27
4.672067124298132867e+00 8.622823577446049535e-28 2.887495463585485341e-27
4.807489359785034111e+00 9.275705988405638917e-28 2.893210420372608913e-27
4.946836877459961812e+00 1.211509733694495212e-27 2.845195637768554955e-27
5.090223453618222926e+00 1.146299579089953912e-27 2.912955360330649991e-27
5.237766162418751925e+00 8.793383931823284311e-28 2.896170029541055033e-27
5.389585471474367395e+00 7.817772126068354588e-28 2.957486557632707552e-27
5.545805340212755397e+00 5.284533578234783443e-28 2.931333376262101655e-27
5.706553321088486008e+00 3.972865431192891102e-28 2.891037858223022257e-27
5.871960663728732932e+00 5.080550204119385342e-28 2.846653675169099149e-27
6.042162422097681507e+00 6.074972757695543931e-28 2.685821012026066072e-27
6.217297564767179097e+00 9.168148521506344338e-28 2.620296040049961127e-27
6.397509088383619869e+00 9.529216897287640899e-28 2.454165833085333421e-27
6.582944134423724059e+00 1.151336027880867699e-27 2.335866426436037665e-27
6.773754109334557683e+00 1.384457724052751122e-27 2.251043593145659696e-27
6.970094808155849364e+00 1.906471170566760999e-27 2.119508432722297219e-27
7.172126541725583948e+00 3.038084012539364754e-27 2.051191618948654572e-27
7.380014267572701847e+00 4.630602288060515746e-27 1.990960826568331168e-27
7.593927724603795504e+00 7.603748049523878486e-27 1.909801295438622824e-27
7.814041571693762123e+00 1.016244142888809331e-26 1.871215409709109479e-27
8.040535530293579924e+00 1.513534005193378948e-26 1.844542199149670730e-27
8.273594531171653443e+00 1.895556490859153695e-26 1.803383799109520807e-27
8.513408865408514714e+00 2.162069231000586083e-26 1.785109484679876911e-27
8.760174339768180829e+00 2.417392240873675101e-26 1.788856593182066780e-27
9.014092436573056588e+00 2.638051392443528303e-26 1.787901684754268990e-27
9.275370478212854763e+00 2.724776965936067366e-26 1.791755245134066807e-27
9.544221796421922477e+00 1.857564812247104727e-26 1.817186667958132091e-27
9.820865906463136952e+00 2.361316617175489902e-26 1.854637933407594382e-27
1.010552868636061774e+01 3.414213805883268957e-26 1.892040291840201655e-27
1.039844256132758993e+01 3.700165806148313591e-26 1.936685760270977906e-27
1.069984669353998541e+01 3.922522807281599049e-26 1.998318018622199686e-27
1.100998717741070720e+01 4.151067087335900520e-26 2.072897052447421665e-27
1.132911724052406477e+01 4.303689340855923000e-26 2.151844670427961787e-27
1.165749745039432561e+01 4.452627290893298198e-26 2.235971137023571223e-27
1.199539592721735026e+01 4.660205154497475825e-26 2.332957334819251938e-27
1.234308856278886779e+01 4.661844871478061019e-26 2.446123859614024638e-27
1.270085924576825320e+01 4.635454796460725322e-26 2.571137794484505853e-27
1.306900009347168279e+01 4.652250451533041199e-26 2.703160772869940951e-27
1.344781169038390445e+01 3.531817410692971012e-26 2.843135098805008405e-27
1.383760333358343786e+01 3.012263863223159395e-26 2.996899026970586708e-27
1.423869328528150646e+01 2.227490840022797422e-26 3.168745355190914118e-27
1.465140903268097183e+01 2.125769496547582980e-26 3.358054460093532279e-27
1.507608755536737632e+01 2.307815031146209428e-26 3.560923160671336225e-27
1.551307560045048639e+01 2.318597210532457807e-26 3.774922302208408689e-27
1.596272996568093561e+01 3.003868260781967990e-26 4.002109944902603153e-27
1.642541779077313535e+01 3.610572073381833278e-26 4.247725374174880818e-27
1.690151685717235708e+01 3.921337967714113090e-26 4.516652764439661193e-27
1.739141589651068642e+01 4.130757320086685714e-26 4.810542481028518267e-27
1.789551490800375078e+01 4.863176804664639218e-26 5.127592521525683088e-27
1.841422548504733570e+01 4.262928571822646742e-26 5.464660790163659917e-27
1.894797115128059062e+01 4.709943487486705743e-26 5.820542900627964802e-27
1.949718770639017507e+01 3.808602703619170999e-26 6.197394027352013123e-27
1.988785947966930223e+01 3.675062639996899727e-26 1.030502700993630079e-26
