3.043478260869565410e+00 5.614496835482272044e-30 3.057621845965806254e-26
3.131695022054190147e+00 9.904723755991799071e-30 3.027226721038454378e-26
3.222468790809383865e+00 1.020911419858739485e-29 3.016653578224022225e-26
3.315873683296612029e+00 1.839816776244478500e-29 2.900503712208098958e-26
3.411985963971876146e+00 3.951954373162909386e-29 2.615403864835211817e-26
3.510884107855119396e+00 6.665703692087101455e-29 2.403752880280458415e-26
3.612648864604542265e+00 9.590824838104768179e-29 2.286388293268579224e-26
3.717363324448152984e+00 1.340822639391701752e-28 2.061383724378282208e-26
3.825112986026359962e+00 1.790495094311564174e-28 1.863807908617602653e-26
3.935985826201037430e+00 2.299183428686594156e-28 1.732898858512337923e-26
4.050072371888023604e+00 2.566907344860664757e-28 1.545161693454679893e-26
4.167465773971734677e+00 1.702577069728602493e-28 1.432105780466234926e-26
4.288261883362220139e+00 3.965609136445005403e-29 1.327946814019526339e-26
4.412559329256776408e+00 3.436985051174183915e-28 1.242971411568915205e-26
4.540459599670016111e+00 6.755737889487176640e-28 1.203018664600869525e-26
4.672067124298132867e+00 8.622823577446049535e-28 1.154998185434194136e-26
4.807489359785034111e+00 9.275705988405638917e-28 1.157284168149043565e-26
4.946836877459961812e+00 1.211509733694495212e-27 1.138078255107421982e-26
5.090223453618222926e+00 1.146299579089953912e-27 1.165182144132259996e-26
5.237766162418751925e+00 8.793383931823284311e-28 1.158468011816422013e-26
5.389585471474367395e+00 7.817772126068354588e-28 1.182994623053083021e-26
5.545805340212755397e+00 5.284533578234783443e-28 1.172533350504840662e-26
5.706553321088486008e+00 3.972865431192891102e-28 1.156415143289208903e-26
5.871960663728732932e+00 5.080550204119385342e-28 1.138661470067639660e-26
6.042162422097681507e+00 6.074972757695543931e-28 1.074328404810426429e-26
6.217297564767179097e+00 9.168148521506344338e-28 1.048118416019984451e-26
6.397509088383619869e+00 9.529216897287640899e-28 9.816663332341333685e-27
6.582944134423724059e+00 1.151336027880867699e-27 9.343465705744150661e-27
6.773754109334557683e+00 1.384457724052751122e-27 9.004174372582638783e-27
6.970094808155849364e+00 1.906471170566760999e-27 8.478033730889188876e-27
7.172126541725583948e+00 3.038084012539364754e-27 8.204766475794618289e-27
7.380014267572701847e+00 4.630602288060515746e-27 7.963843306273324672e-27
7.593927724603795504e+00 7.603748049523878486e-27 7.639205181754491294e-27
7.814041571693762123e+00 1.016244142888809331e-26 7.484861638836437918e-27
8.040535530293579924e+00 1.513534005193378948e-26 7.378168796598682921e-27
8.273594531171653443e+00 1.895556490859153695e-26 7.213535196438083230e-27
8.513408865408514714e+00 2.162069231000586083e-26 7.140437938719507645e-27
8.760174339768180829e+00 2.417392240873675101e-26 7.155426372728267122e-27
9.014092436573056588e+00 2.638051392443528303e-26 7.151606739017075960e-27
9.275370478212854763e+00 2.724776965936067366e-26 7.167020980536267226e-27
9.544221796421922477e+00 1.857564812247104727e-26 7.268746671832528365e-27
9.820865906463136952e+00 2.361316617175489902e-26 7.418551733630377528e-27
1.010552868636061774e+01 3.414213805883268957e-26 7.568161167360806619e-27
1.039844256132758993e+01 3.700165806148313591e-26 7.746743041083911624e-27
1.069984669353998541e+01 3.922522807281599049e-26 7.993272074488798742e-27
1.100998717741070720e+01 4.151067087335900520e-26 8.291588209789686662e-27
1.132911724052406477e+01 4.303689340855923000e-26 8.607378681711847147e-27
1.165749745039432561e+01 4.452627290893298198e-26 8.943884548094284893e-27
1.199539592721735026e+01 4.660205154497475825e-26 9.331829339277007751e-27
1.234308856278886779e+01 4.661844871478061019e-26 9.784495438456098551e-27
1.270085924576825320e+01 4.635454796460725322e-26 1.028455117793802341e-26
1.306900009347168279e+01 4.652250451533041199e-26 1.081264309147976380e-26
1.344781169038390445e+01 3.531817410692971012e-26 1.137254039522003362e-26
1.383760333358343786e+01 3.012263863223159395e-26 1.198759610788234683e-26
1.423869328528150646e+01 2.227490840022797422e-26 1.267498142076365647e-26
1.465140903268097183e+01 2.125769496547582980e-26 1.343221784037412911e-26
1.507608755536737632e+01 2.307815031146209428e-26 1.424369264268534490e-26
1.551307560045048639e+01 2.318597210532457807e-26 1.509968920883363476e-26
1.596272996568093561e+01 3.003868260781967990e-26 1.600843977961041261e-26
1.642541779077313535e+01 3.610572073381833278e-26 1.699090149669952327e-26
1.690151685717235708e+01 3.921337967714113090e-26 1.806661105775864477e-26
1.739141589651068642e+01 4.130757320086685714e-26 1.924216992411407307e-26
1.789551490800375078e+01 4.863176804664639218e-26 2.051037008610273235e-26
1.841422548504733570e+01 4.262928571822646742e-26 2.185864316065463967e-26
1.894797115128059062e+01 4.709943487486705743e-26 2.328217160251185921e-26
1.949718770639017507e+01 3.808602703619170999e-26 2.478957610940805249e-26
1.988785947966930223e+01 3.675062639996899727e-26 4.122010803974520317e-26
