4.009521704083822691e+00 2.558837977542253490e-28 3.983552548205767219e-27
4.090522142550161888e+00 2.544756978737136417e-28 3.790067980951380144e-27
4.173158953510770708e+00 1.651360015197324894e-28 3.558245862125747624e-27
4.257465194995837088e+00 4.261482488974311776e-29 3.350659067087440149e-27
4.343474592874541074e+00 5.282141060223519160e-29 3.246004393981324881e-27
4.431221554346754132e+00 4.653796693664701445e-28 3.073785740434543938e-27
4.520741181707295553e+00 6.496732206889684922e-28 3.011848964288883278e-27
4.612069286388249978e+00 7.992701573083511610e-28 2.948004262752507537e-27
4.705242403284982444e+00 8.858122046636204764e-28 2.869997416253791725e-27
4.800297805371548598e+00 8.857130847387762769e-28 2.890206041766880592e-27
4.897273518611378051e+00 1.164768824725618423e-27 2.864296486700436314e-27
4.996208337169183444e+00 1.153873322522386685e-27 2.849436481061183912e-27
5.097141838930177471e+00 1.200389128432577760e-27 2.914686282089350654e-27
5.200114401332808001e+00 9.040799857992405657e-28 2.907196268836208349e-27
5.305167217521349343e+00 9.404106311206772417e-28 2.900891206413632779e-27
5.412342312824811152e+00 6.779469631054461615e-28 2.968584087420105798e-27
5.521682561568746372e+00 5.733690423474496808e-28 2.946881197384158402e-27
5.633231704226702163e+00 4.023251627083464585e-28 2.885016978504645180e-27
5.747034364918150118e+00 4.283964481270145998e-28 2.896877377561965444e-27
5.863136069259931027e+00 4.880768992958803413e-28 2.853259830124297100e-27
5.981583262578313409e+00 5.413875385857018052e-28 2.728896343999567204e-27
6.102423328488985277e+00 6.712346646107904360e-28 2.659926942255253564e-27
6.225704607852399874e+00 9.148089903756794262e-28 2.613709547970909794e-27
6.351476418112044442e+00 1.001088212525363675e-27 2.500006413946960462e-27
6.479789073023398238e+00 1.041344837309459955e-27 2.384247877301115061e-27
6.610693902781446418e+00 1.183271505968942050e-27 2.324925605043459439e-27
6.744243274554809986e+00 1.356642852502327842e-27 2.267695412209844681e-27
6.880490613434703917e+00 1.744491210839796466e-27 2.175102235831981296e-27
7.019490423807122070e+00 2.061767726221630737e-27 2.094312779349395317e-27
7.161298311156762075e+00 2.855434492719544698e-27 2.052317881451206949e-27
7.305971004311444972e+00 3.936170787143144897e-27 2.016135650539264628e-27
7.453566378135917603e+00 6.284782683679629246e-27 1.959991460900550269e-27
7.604143476684118497e+00 6.935759267638449148e-27 1.905697378892341751e-27
7.757762536819151400e+00 1.027937509091081189e-26 1.876052849514090885e-27
7.914485012310447765e+00 1.107119703044682618e-26 1.860451896048152551e-27
8.074373598417727393e+00 1.622070045066093602e-26 1.837658254281475962e-27
8.237492256971624016e+00 1.818488273930895537e-26 1.808013035364350269e-27
8.403906241960948265e+00 2.094546087590501682e-26 1.788010139282715123e-27
8.573682125636926443e+00 2.226194504358432448e-26 1.784199972371952761e-27
8.746887825144744610e+00 2.368484189158000364e-26 1.787585233733441893e-27
8.923592629693123612e+00 2.580385551874208061e-26 1.787916652149796113e-27
9.103867228272784828e+00 2.717152894650733805e-26 1.786304236908555419e-27
9.287783737934859118e+00 2.768634251890569930e-26 1.791378032724013251e-27
9.475415732640614763e+00 1.805643135847117963e-26 1.807772122383134826e-27
9.666838272693958345e+00 2.053145900598982041e-26 1.832463068715555695e-27
9.862127934768585291e+00 2.520570336680257686e-26 1.859047113971032717e-27
1.006136284254168878e+01 3.356887770546749209e-26 1.885066649629556653e-27
1.026462269794656912e+01 3.584410942235266546e-26 1.913515584392169438e-27
1.047198881305659945e+01 3.756236288070209038e-26 1.949062693062046896e-27
1.068354414261330021e+01 3.935826324242888857e-26 1.993424792925184413e-27
1.089937331721154656e+01 4.046485982303670752e-26 2.044488074205685443e-27
1.111956267715521562e+01 4.237893693445152735e-26 2.098727640541535528e-27
1.134420030699673632e+01 4.308615856850283821e-26 2.154307928425141336e-27
1.157337607077444908e+01 4.464345314313123675e-26 2.212418864179522623e-27
1.180718164796181036e+01 4.472900860484247899e-26 2.275928480163369816e-27
1.204571057014285707e+01 4.693693375990203934e-26 2.347151807040782231e-27
1.228905825842857169e+01 4.730939444823905102e-26 2.426380071561507583e-27
1.253732206162914942e+01 4.464036689594967266e-26 2.511852115610077881e-27
1.279060129519741551e+01 4.755660540032959327e-26 2.601555256028387118e-27
1.304899728095897871e+01 4.771957956996399268e-26 2.694315980617918613e-27
1.331261338764501900e+01 3.957714394100561821e-26 2.790727579854855367e-27
1.358155507224390846e+01 3.161059527630017338e-26 2.892784880877341765e-27
1.385592992218822950e+01 3.031479118390173888e-26 3.002652857931040826e-27
1.413584769839405375e+01 2.407632952128905546e-26 3.121517102513327536e-27
1.442142037916968889e+01 2.076181620348202338e-26 3.249335104240746260e-27
1.471276220501150434e+01 2.145920644475226152e-26 3.384950498433660949e-27
1.500998972430466516e+01 2.345579300467651922e-26 3.526882871611625251e-27
1.531322183994718245e+01 2.244935831290489753e-26 3.674209047153377357e-27
1.562257985691581297e+01 2.381489016854459520e-26 3.827164366394292992e-27
1.593818753079290218e+01 3.012189154796287231e-26 3.987078084035459419e-27
1.626017111727356479e+01 3.308942163980828113e-26 4.155856344758034325e-27
1.658865942267303240e+01 3.800667805071441744e-26 4.335407958532208158e-27
1.692378385545430675e+01 3.981806640113632227e-26 4.526945280622583529e-27
1.726567847879681850e+01 4.188331432162853629e-26 4.730777923917116797e-27
1.761448006422705603e+01 4.159843696344109347e-26 4.946318275160944739e-27
1.797032814633265119e+01 5.101095931946365502e-26 5.172539643028246520e-27
1.833336507858180298e+01 4.125770498735518905e-26 5.408285713329110180e-27
