6.042162422097681507e+00 6.074972757695543931e-28 1.074328404810426429e-26
6.217297564767179097e+00 9.168148521506344338e-28 1.048118416019984451e-26
6.397509088383619869e+00 9.529216897287640899e-28 9.816663332341333685e-27
6.582944134423724059e+00 1.151336027880867699e-27 9.343465705744150661e-27
6.773754109334557683e+00 1.384457724052751122e-27 9.004174372582638783e-27
6.970094808155849364e+00 1.906471170566760999e-27 8.478033730889188876e-27
7.172126541725583948e+00 3.038084012539364754e-27 8.204766475794618289e-27
7.380014267572701847e+00 4.630602288060515746e-27 7.963843306273324672e-27
7.593927724603795504e+00 7.603748049523878486e-27 7.639205181754491294e-27
7.814041571693762123e+00 1.016244142888809331e-26 7.484861638836437918e-27
8.040535530293579924e+00 1.513534005193378948e-26 7.378168796598682921e-27
8.273594531171653443e+00 1.895556490859153695e-26 7.213535196438083230e-27
8.513408865408514714e+00 2.162069231000586083e-26 7.140437938719507645e-27
8.760174339768180829e+00 2.417392240873675101e-26 7.155426372728267122e-27
9.014092436573056588e+00 2.638051392443528303e-26 7.151606739017075960e-27
9.275370478212854763e+00 2.724776965936067366e-26 7.167020980536267226e-27
9.544221796421922477e+00 1.857564812247104727e-26 7.268746671832528365e-27
9.820865906463136952e+00 2.361316617175489902e-26 7.418551733630377528e-27
1.010552868636061774e+01 3.414213805883268957e-26 7.568161167360806619e-27
1.039844256132758993e+01 3.700165806148313591e-26 7.746743041083911624e-27
1.069984669353998541e+01 3.922522807281599049e-26 7.993272074488798742e-27
1.100998717741070720e+01 4.151067087335900520e-26 8.291588209789686662e-27
1.132911724052406477e+01 4.303689340855923000e-26 8.607378681711847147e-27
1.165749745039432561e+01 4.452627290893298198e-26 8.943884548094284893e-27
1.199539592721735026e+01 4.660205154497475825e-26 9.331829339277007751e-27
1.234308856278886779e+01 4.661844871478061019e-26 9.784495438456098551e-27
1.270085924576825320e+01 4.635454796460725322e-26 1.028455117793802341e-26
1.306900009347168279e+01 4.652250451533041199e-26 1.081264309147976380e-26
1.344781169038390445e+01 3.531817410692971012e-26 1.137254039522003362e-26
1.383760333358343786e+01 3.012263863223159395e-26 1.198759610788234683e-26
1.423869328528150646e+01 2.227490840022797422e-26 1.267498142076365647e-26
1.465140903268097183e+01 2.125769496547582980e-26 1.343221784037412911e-26
1.507608755536737632e+01 2.307815031146209428e-26 1.424369264268534490e-26
1.551307560045048639e+01 2.318597210532457807e-26 1.509968920883363476e-26
1.596272996568093561e+01 3.003868260781967990e-26 1.600843977961041261e-26
1.642541779077313535e+01 3.610572073381833278e-26 1.699090149669952327e-26
1.690151685717235708e+01 3.921337967714113090e-26 1.806661105775864477e-26
