4.050072371888023604e+00 2.566907344860664757e-28 6.721540234075531237e-27
4.167465773971734677e+00 1.702577069728602493e-28 6.295974689647075270e-27
4.288261883362220139e+00 3.965609136445005403e-29 6.058524349356122480e-27
4.412559329256776408e+00 3.436985051174183915e-28 5.569504234143470535e-27
4.540459599670016111e+00 6.755737889487176640e-28 5.223268257620974814e-27
4.672067124298132867e+00 8.622823577446049535e-28 4.902627155977985475e-27
4.807489359785034111e+00 9.275705988405638917e-28 4.492194766283573655e-27
4.946836877459961812e+00 1.211509733694495212e-27 4.217182046918313282e-27
5.090223453618222926e+00 1.146299579089953912e-27 3.929365934481808768e-27
5.237766162418751925e+00 8.793383931823284311e-28 3.608691627966784893e-27
5.389585471474367395e+00 7.817772126068354588e-28 3.369725068184624612e-27
5.545805340212755397e+00 5.284533578234783443e-28 3.138796178525161503e-27
5.706553321088486008e+00 3.972865431192891102e-28 2.889729399004004113e-27
5.871960663728732932e+00 5.080550204119385342e-28 2.687917611545023883e-27
6.042162422097681507e+00 6.074972757695543931e-28 2.520630799942390291e-27
6.217297564767179097e+00 9.168148521506344338e-28 2.353984169722873739e-27
6.397509088383619869e+00 9.529216897287640899e-28 2.208846288412912929e-27
6.582944134423724059e+00 1.151336027880867699e-27 2.102993924549797134e-27
6.773754109334557683e+00 1.384457724052751122e-27 2.021140265705691339e-27
6.970094808155849364e+00 1.906471170566760999e-27 1.952717537665542673e-27
7.172126541725583948e+00 3.038084012539364754e-27 1.907759763211436094e-27
7.380014267572701847e+00 4.630602288060515746e-27 1.893939571976115264e-27
7.593927724603795504e+00 7.603748049523878486e-27 1.905135520336719602e-27
7.814041571693762123e+00 1.016244142888809331e-26 1.933387414715386763e-27
8.040535530293579924e+00 1.513534005193378948e-26 1.980137774952793982e-27
8.273594531171653443e+00 1.895556490859153695e-26 2.051396443388432888e-27
8.513408865408514714e+00 2.162069231000586083e-26 2.148531353807729181e-27
8.760174339768180829e+00 2.417392240873675101e-26 2.266909849789304120e-27
9.014092436573056588e+00 2.638051392443528303e-26 2.402132981797946313e-27
9.275370478212854763e+00 2.724776965936067366e-26 2.555265141794664667e-27
9.544221796421922477e+00 1.857564812247104727e-26 2.731154217301525099e-27
9.820865906463136952e+00 2.361316617175489902e-26 2.933883689517727363e-27
1.010552868636061774e+01 3.414213805883268957e-26 3.162483131706822404e-27
1.039844256132758993e+01 3.700165806148313591e-26 3.413328036058293210e-27
1.069984669353998541e+01 3.922522807281599049e-26 3.684854050782370773e-27
1.100998717741070720e+01 4.151067087335900520e-26 3.979710236066158997e-27
1.132911724052406477e+01 4.303689340855923000e-26 4.303689340855923574e-27
1.165749745039432561e+01 4.452627290893298198e-26 4.662250237181100594e-27
1.199539592721735026e+01 4.660205154497475825e-26 5.057651920621056048e-27
1.234308856278886779e+01 4.661844871478061019e-26 5.488674330645746629e-27
1.270085924576825320e+01 4.635454796460725322e-26 5.952940994568407236e-27
1.306900009347168279e+01 4.652250451533041199e-26 6.450090307567385750e-27
1.344781169038390445e+01 3.531817410692971012e-26 6.983544277840369314e-27
1.383760333358343786e+01 3.012263863223159395e-26 7.560551580869181875e-27
1.423869328528150646e+01 2.227490840022797422e-26 8.189239451264961986e-27
1.465140903268097183e+01 2.125769496547582980e-26 8.876383743672297411e-27
1.507608755536737632e+01 2.307815031146209428e-26 9.625320729934439300e-27
1.551307560045048639e+01 2.318597210532457807e-26 1.043598654653775844e-26
1.596272996568093561e+01 3.003868260781967990e-26 1.130656091476692424e-26
1.642541779077313535e+01 3.610572073381833278e-26 1.223570343162509114e-26
1.690151685717235708e+01 3.921337967714113090e-26 1.322515188053768446e-26
1.739141589651068642e+01 4.130757320086685714e-26 1.428099603731585172e-26
1.789551490800375078e+01 4.863176804664639218e-26 1.541340509428005898e-26
1.841422548504733570e+01 4.262928571822646742e-26 1.663483826161341938e-26
