3.076923076923077094e+00 6.685175651782414087e-30 7.474250956766632686e-27
3.234714003944773264e+00 1.262921616123250460e-29 7.082888293918603229e-27
3.400596773377838389e+00 3.641127590824496915e-29 7.006158717855141786e-27
3.574986351499779058e+00 8.499736217004481119e-29 7.137419217467060008e-27
3.758318984910023808e+00 1.512812386360408777e-28 7.253008005863885576e-27
3.951053291828486635e+00 2.328311971779861317e-28 6.989149646680114652e-27
4.153671409358151045e+00 1.770978928824030529e-28 6.377258126583333166e-27
4.366680199581646882e+00 2.137651963654498699e-28 5.803127581251926477e-27
4.590612517508911417e+00 7.592015309218998278e-28 5.160686435857028187e-27
4.826028544047828994e+00 9.925575511513420232e-28 4.481686425873468942e-27
5.073517187332332590e+00 1.188112985123932169e-27 3.998083773458463432e-27
5.333697555913478716e+00 7.624714952633416022e-28 3.476455779142721727e-27
5.607220507498785089e+00 4.700770968710169563e-28 3.064537231080957424e-27
5.894770277114107948e+00 5.045219892941879330e-28 2.685096717832050338e-27
6.197066188760985028e+00 8.578663530211887703e-28 2.391034427994080963e-27
6.514864454851291953e+00 1.063676626767850153e-27 2.154179504383112969e-27
6.848960067920588202e+00 1.605063818387161862e-27 2.008339887916677518e-27
7.200188789352414354e+00 3.168173320872909689e-27 1.918855058860952916e-27
7.569429240088434874e+00 7.302372271581087112e-27 1.917734030261079258e-27
7.957605098554507705e+00 1.297504714398162524e-26 1.975870126604228895e-27
8.365687411300893217e+00 1.994900393231808436e-26 2.102345846741412136e-27
8.794697022136837461e+00 2.439423290610308042e-26 2.302329282993900193e-27
9.245707125836160500e+00 2.578551260785033262e-26 2.556756025767237865e-27
9.719845952802119271e+00 2.168919437311287841e-26 2.879634667538103459e-27
1.021829959140735511e+01 3.527661678007732030e-26 3.282756167347381645e-27
1.074231495506927025e+01 3.945095693907639011e-26 3.753187082060995802e-27
1.129320290148307926e+01 4.299237165190902392e-26 4.299237165190902392e-27
1.187234151181554331e+01 4.575246918739038386e-26 4.948920534859847343e-27
1.248117953806249680e+01 4.640499400845518904e-26 5.709646219490299276e-27
1.312124002719390603e+01 4.441944257336923526e-26 6.572964600470784720e-27
1.379412413115256619e+01 3.001340242042997446e-26 7.552888526075280014e-27
1.450151511223731404e+01 2.132999496620078476e-26 8.689116692726862374e-27
1.524518255389051191e+01 2.298777327145675213e-26 1.001176366267324115e-26
1.602698678742335403e+01 3.018406625842359638e-26 1.152257006415919150e-26
1.684888354575276281e+01 3.911190805063413740e-26 1.321605348470940115e-26
1.771292885579136822e+01 4.581706118676534278e-26 1.511403451153918159e-26
1.862128418172938282e+01 4.437336244673056001e-26 1.727325183499104472e-26
1.954340814313631114e+01 3.932162639125077703e-26 2.034857002176000638e-26
