3.076923076923077094e+00 6.731553352494455038e-30 5.158306044995630708e-29
3.234714003944773264e+00 1.257662011120312448e-29 7.050686922728371032e-29
3.400596773377838389e+00 3.737663404429473330e-29 1.215484859674809895e-28
3.574986351499779058e+00 8.594098739082533879e-29 1.843103097082796948e-28
3.758318984910023808e+00 1.528347753679840431e-28 2.457879293450455680e-28
3.951053291828486635e+00 2.341450792112633689e-28 3.042229525260891356e-28
4.153671409358151045e+00 1.718932054849058765e-28 2.606626550570142684e-28
4.366680199581646882e+00 2.257683499185441475e-28 2.987314788239245531e-28
4.590612517508911417e+00 7.633437497297940358e-28 5.492999207072658089e-28
4.826028544047828994e+00 1.003191337238789408e-27 6.297110960396835040e-28
5.073517187332332590e+00 1.174328890744530801e-27 6.813093234174856252e-28
5.333697555913478716e+00 7.598196075925174621e-28 5.480304726750946105e-28
5.607220507498785089e+00 4.692159966606555877e-28 4.306613170877817918e-28
5.894770277114107948e+00 5.099059271627521205e-28 4.489463959556737792e-28
6.197066188760985028e+00 8.612556362611215836e-28 5.834659250047133550e-28
6.514864454851291953e+00 1.075021525287565177e-27 6.518655643881250289e-28
6.848960067920588202e+00 1.616501682966455227e-27 7.993510318543337246e-28
7.200188789352414354e+00 3.223846766047036214e-27 1.128851085309899136e-27
7.569429240088434874e+00 7.340931568763522170e-27 1.703432963781415563e-27
7.957605098554507705e+00 1.312506359527022230e-26 2.277719120621874634e-27
8.365687411300893217e+00 2.009672382591801950e-26 2.818461401265789358e-27
8.794697022136837461e+00 2.455167085529928251e-26 3.115229063738259181e-27
9.245707125836160500e+00 2.551987802641842830e-26 3.176060426285945534e-27
9.719845952802119271e+00 2.200196800439341151e-26 2.949037015675396118e-27
1.021829959140735511e+01 3.541504332144920202e-26 3.741479310813257447e-27
1.074231495506927025e+01 3.952746098933986979e-26 3.952746098933987266e-27
1.129320290148307926e+01 4.304387544773603971e-26 4.124821338664731124e-27
1.187234151181554331e+01 4.579836403107304595e-26 4.254753867868065183e-27
1.248117953806249680e+01 4.640722933097758889e-26 4.282942851595810938e-27
1.312124002719390603e+01 4.413439348295315228e-26 4.176745762774658740e-27
1.379412413115256619e+01 2.962820606582744223e-26 3.422174395689262611e-27
1.450151511223731404e+01 2.131104445004544958e-26 2.902363654232976304e-27
1.524518255389051191e+01 2.296765582427644498e-26 3.013060104960854886e-27
1.602698678742335403e+01 3.061435097946619447e-26 3.478660035207247090e-27
1.684888354575276281e+01 3.927512617391838877e-26 3.940109157994179370e-27
1.771292885579136822e+01 4.574445770041771732e-26 4.252249131026742392e-27
1.862128418172938282e+01 4.439429163546943897e-26 4.189025699098056392e-27
1.954340814313631114e+01 3.928786760286555211e-26 3.940748220866968169e-27
