6.197066188760985028e+00 8.559592017754256321e-28 5.816690979985496230e-28
6.514864454851291953e+00 1.075021525287565177e-27 6.518655643881250289e-28
6.848960067920588202e+00 1.616501682966455227e-27 7.993510318543337246e-28
7.200188789352414354e+00 3.223846766047036214e-27 1.128851085309899136e-27
7.569429240088434874e+00 7.340931568763522170e-27 1.703432963781415563e-27
7.957605098554507705e+00 1.312506359527022230e-26 2.277719120621874634e-27
8.365687411300893217e+00 2.009672382591801950e-26 2.818461401265789358e-27
8.794697022136837461e+00 2.455167085529928251e-26 3.115229063738259181e-27
9.245707125836160500e+00 2.551987802641842830e-26 3.176060426285945534e-27
9.719845952802119271e+00 2.200196800439341151e-26 2.949037015675396118e-27
1.021829959140735511e+01 3.541504332144920202e-26 3.741479310813257447e-27
1.074231495506927025e+01 3.952746098933986979e-26 3.952746098933987266e-27
1.129320290148307926e+01 4.304387544773603971e-26 4.124821338664731124e-27
1.187234151181554331e+01 4.579836403107304595e-26 4.254753867868065183e-27
1.248117953806249680e+01 4.640722933097758889e-26 4.282942851595810938e-27
1.312124002719390603e+01 4.413439348295315228e-26 4.176745762774658740e-27
1.379412413115256619e+01 2.962820606582744223e-26 3.422174395689262611e-27
1.450151511223731404e+01 2.131104445004544958e-26 2.902363654232976304e-27
1.524518255389051191e+01 2.296765582427644498e-26 3.013060104960854886e-27
1.602698678742335403e+01 3.061435097946619447e-26 3.478660035207247090e-27
1.684888354575276281e+01 3.902941165492315200e-26 3.927764690796613852e-27
