3.076923076923077094e+00 6.731553352494455038e-30 2.579153022497815354e-29
3.234714003944773264e+00 1.257662011120312448e-29 3.525343461364185516e-29
3.400596773377838389e+00 3.737663404429473330e-29 6.077424298374049475e-29
3.574986351499779058e+00 8.594098739082533879e-29 9.215515485413984740e-29
3.758318984910023808e+00 1.528347753679840431e-28 1.228939646725227840e-28
3.951053291828486635e+00 2.341450792112633689e-28 1.521114762630445678e-28
4.153671409358151045e+00 1.718932054849058765e-28 1.303313275285071342e-28
4.366680199581646882e+00 2.257683499185441475e-28 1.493657394119622765e-28
4.590612517508911417e+00 7.633437497297940358e-28 2.746499603536329044e-28
4.826028544047828994e+00 1.003191337238789408e-27 3.148555480198417520e-28
5.073517187332332590e+00 1.174328890744530801e-27 3.406546617087428126e-28
5.333697555913478716e+00 7.598196075925174621e-28 2.740152363375473052e-28
5.607220507498785089e+00 4.692159966606555877e-28 2.153306585438908959e-28
5.894770277114107948e+00 5.099059271627521205e-28 2.244731979778368896e-28
6.197066188760985028e+00 8.612556362611215836e-28 2.917329625023566775e-28
6.514864454851291953e+00 1.075021525287565177e-27 3.259327821940625144e-28
6.848960067920588202e+00 1.616501682966455227e-27 3.996755159271668623e-28
7.200188789352414354e+00 3.223846766047036214e-27 5.644255426549495678e-28
7.569429240088434874e+00 7.340931568763522170e-27 8.517164818907077817e-28
7.957605098554507705e+00 1.312506359527022230e-26 1.138859560310937317e-27
8.365687411300893217e+00 2.009672382591801950e-26 1.409230700632894679e-27
8.794697022136837461e+00 2.455167085529928251e-26 1.557614531869129591e-27
9.245707125836160500e+00 2.551987802641842830e-26 1.588030213142972767e-27
9.719845952802119271e+00 2.200196800439341151e-26 1.474518507837698059e-27
1.021829959140735511e+01 3.541504332144920202e-26 1.870739655406628724e-27
1.074231495506927025e+01 3.952746098933986979e-26 1.976373049466993633e-27
1.129320290148307926e+01 4.304387544773603971e-26 2.062410669332365562e-27
1.187234151181554331e+01 4.579836403107304595e-26 2.127376933934032592e-27
1.248117953806249680e+01 4.640722933097758889e-26 2.141471425797905469e-27
1.312124002719390603e+01 4.413439348295315228e-26 2.088372881387329370e-27
1.379412413115256619e+01 2.962820606582744223e-26 1.711087197844631305e-27
1.450151511223731404e+01 2.131104445004544958e-26 1.451181827116488152e-27
1.524518255389051191e+01 2.296765582427644498e-26 1.506530052480427443e-27
1.602698678742335403e+01 3.061435097946619447e-26 1.739330017603623545e-27
1.684888354575276281e+01 3.927512617391838877e-26 1.970054578997089685e-27
1.771292885579136822e+01 4.574445770041771732e-26 2.126124565513371196e-27
1.862128418172938282e+01 4.439429163546943897e-26 2.094512849549028196e-27
1.954340814313631114e+01 3.928786760286555211e-26 1.970374110433484085e-27
