3.030303030303030276e+00 5.392199096336300656e-30 2.335734792033450732e-29
3.091521273339455256e+00 6.331209068791497754e-30 2.530951935529326939e-29
3.153976248558433504e+00 1.300616747263431522e-29 3.627565318228128562e-29
3.217692940448503514e+00 8.073400656713488686e-30 2.858043424056071134e-29
3.282696838235341641e+00 1.557381206834365053e-29 3.969520371142624255e-29
3.349013946078480242e+00 2.322746381280605806e-29 4.847763966698878170e-29
3.416670793474004597e+00 4.114892094626518455e-29 6.452377910865181527e-29
3.485694445867419500e+00 6.046820820867635561e-29 7.821753408314320745e-29
3.556112515480902569e+00 7.777338947887644664e-29 8.870663059898854726e-29
3.627953172359304812e+00 1.019614611082417018e-28 1.015683963139927159e-28
3.701245155639290907e+00 1.279845912585050789e-28 1.137940129453236966e-28
3.776017785046144937e+00 1.592705414724936837e-28 1.269428657858131310e-28
3.852300972622835218e+00 1.910434996454430768e-28 1.390294173737427666e-28
3.930125234696023817e+00 2.275459909308232360e-28 1.517312949387495559e-28
4.009521704083822691e+00 2.559229945841143159e-28 1.609145164831019892e-28
4.090522142550161888e+00 2.544568212623929251e-28 1.604529177716632897e-28
4.173158953510770708e+00 1.640848802890314861e-28 1.288471606004067091e-28
4.257465194995837088e+00 4.263867741872021774e-29 6.568140477213651525e-29
4.343474592874541074e+00 5.312849828793925397e-29 7.331694164283771187e-29
4.431221554346754132e+00 4.665343819698959129e-28 2.172613119962398720e-28
4.520741181707295553e+00 6.501791789450357129e-28 2.564821225330070537e-28
4.612069286388249978e+00 7.999493432256216735e-28 2.844931495577484402e-28
4.705242403284982444e+00 8.858458976680631041e-28 2.993778459982337218e-28
4.800297805371548598e+00 8.852082039853760784e-28 2.992700700679992754e-28
4.897273518611378051e+00 1.166079551158246241e-27 3.434825353656542064e-28
4.996208337169183444e+00 1.154508846456266788e-27 3.417741427964479418e-28
5.097141838930177471e+00 1.196541432178316368e-27 3.479400654859234964e-28
5.200114401332808001e+00 9.014659233439191604e-28 3.020057609041936983e-28
5.305167217521349343e+00 9.382324034611193612e-28 3.081028986319696738e-28
5.412342312824811152e+00 6.752960848096524792e-28 2.613892280024707104e-28
5.521682561568746372e+00 5.721159336628159813e-28 2.405927807948584366e-28
5.633231704226702163e+00 4.021787291575801744e-28 2.017205385308687125e-28
5.747034364918150118e+00 4.288490406972975439e-28 2.083016891191208122e-28
5.863136069259931027e+00 4.882957837305736548e-28 2.222706181715570340e-28
5.981583262578313409e+00 5.414491276989701142e-28 2.340557955741121229e-28
6.102423328488985277e+00 6.708049428349907006e-28 2.605185769426270997e-28
6.225704607852399874e+00 9.175259572861622314e-28 3.046840711508525609e-28
6.351476418112044442e+00 9.998549641584595902e-28 3.180600140356616883e-28
6.479789073023398238e+00 1.041001982813660963e-27 3.245385926681383947e-28
6.610693902781446418e+00 1.183881972814335405e-27 3.460945607630092262e-28
6.744243274554809986e+00 1.357533165170216815e-27 3.706088572537519095e-28
6.880490613434703917e+00 1.748794513087922021e-27 4.206394115284241630e-28
7.019490423807122070e+00 2.068020438565734986e-27 4.574229848694018866e-28
7.161298311156762075e+00 2.861337080887357185e-27 5.380530303500789145e-28
7.305971004311444972e+00 3.940569508124325354e-27 6.314225189350911752e-28
7.453566378135917603e+00 6.298049121886979796e-27 7.982585741025232052e-28
7.604143476684118497e+00 6.929768528845660705e-27 8.373363295504682339e-28
7.757762536819151400e+00 1.029352003511873048e-26 1.020522366045962623e-27
7.914485012310447765e+00 1.109959150032306306e-26 1.059727167125035381e-27
8.074373598417727393e+00 1.623397161581273931e-26 1.281601365124040760e-27
8.237492256971624016e+00 1.821818436919031040e-26 1.357666545529462208e-27
8.403906241960948265e+00 2.095455915241866340e-26 1.456061887789491969e-27
8.573682125636926443e+00 2.227927167814911325e-26 1.501381516250828930e-27
8.746887825144744610e+00 2.368950835522287817e-26 1.548169809021001724e-27
8.923592629693123612e+00 2.580795589998810897e-26 1.615910764940114283e-27
9.103867228272784828e+00 2.717879621527436268e-26 1.658271660739843349e-27
9.287783737934859118e+00 2.767602377450460933e-26 1.673371691345531074e-27
9.475415732640614763e+00 1.805015485579975327e-26 1.351391043523720756e-27
9.666838272693958345e+00 2.051250460098585870e-26 1.440621579543584221e-27
9.862127934768585291e+00 2.525251357282889233e-26 1.598427257340639362e-27
1.006136284254168878e+01 3.359316132030069838e-26 1.843597064530984142e-27
1.026462269794656912e+01 3.585267550478960262e-26 1.904589366983875657e-27
1.047198881305659945e+01 3.756381883755409923e-26 1.949509872674588322e-27
1.068354414261330021e+01 3.936779823012384661e-26 1.995772955594783918e-27
1.089937331721154656e+01 4.047073871899398012e-26 2.023536935949699221e-27
1.111956267715521562e+01 4.238548906138731475e-26 2.070852513628254484e-27
1.134420030699673632e+01 4.309832244117872068e-26 2.088193565467470356e-27
1.157337607077444908e+01 4.464900361728081610e-26 2.125428285933442939e-27
1.180718164796181036e+01 4.474968073063193033e-26 2.127823204949018034e-27
1.204571057014285707e+01 4.693847399042105138e-26 2.179239957378847984e-27
1.228905825842857169e+01 4.730671743370152437e-26 2.187771583662592806e-27
1.253732206162914942e+01 4.463720356292119646e-26 2.125147408146980237e-27
1.279060129519741551e+01 4.754578840011811162e-26 2.193292718454239528e-27
1.304899728095897871e+01 4.770882022733406543e-26 2.197049838995403893e-27
1.331261338764501900e+01 3.952887966452070261e-26 1.999851844985880383e-27
1.358155507224390846e+01 3.157656917807819086e-26 1.787405298783855348e-27
1.385592992218822950e+01 3.029366724924142022e-26 1.750719203701863482e-27
1.413584769839405375e+01 2.402682415221800693e-26 1.559153073395640942e-27
1.442142037916968889e+01 2.076085199648024872e-26 1.449316232515575476e-27
1.471276220501150434e+01 2.146834917738466136e-26 1.473804558181022862e-27
1.500998972430466516e+01 2.344394039915999863e-26 1.540124659271183616e-27
1.531322183994718245e+01 2.245048932189017636e-26 1.507139581674323422e-27
1.562257985691581297e+01 2.383193252467742262e-26 1.552816726448194250e-27
1.593818753079290218e+01 3.017018076915787969e-26 1.747147319928549555e-27
1.626017111727356479e+01 3.314275955053386198e-26 1.831196304466084903e-27
1.658865942267303240e+01 3.798195889566130783e-26 1.960330287542049669e-27
1.692378385545430675e+01 3.985763616250833161e-26 2.008150877729061827e-27
1.726567847879681850e+01 4.194277598972603805e-26 2.060009179730455008e-27
1.761448006422705603e+01 4.160384850287113761e-26 2.051669126872256230e-27
1.797032814633265119e+01 5.095704346468324316e-26 2.270610706369332574e-27
1.833336507858180298e+01 4.130384582649850047e-26 2.044258516268081398e-27
1.870373609027032202e+01 4.958237409385895325e-26 2.239774155478617473e-27
1.908158934461921774e+01 4.150366449396700861e-26 2.049197380449310331e-27
1.946707599804586764e+01 4.050624781951881461e-26 2.024424468824760639e-27
1.983087337901316261e+01 3.635745375055541737e-26 1.917950084873584559e-27
