6.102423328488985277e+00 6.691075248101228973e-28 5.203775149975569730e-28
6.225704607852399874e+00 9.175259572861622314e-28 6.093681423017051218e-28
6.351476418112044442e+00 9.998549641584595902e-28 6.361200280713233766e-28
6.479789073023398238e+00 1.041001982813660963e-27 6.490771853362767893e-28
6.610693902781446418e+00 1.183881972814335405e-27 6.921891215260184524e-28
6.744243274554809986e+00 1.357533165170216815e-27 7.412177145075038191e-28
6.880490613434703917e+00 1.748794513087922021e-27 8.412788230568483260e-28
7.019490423807122070e+00 2.068020438565734986e-27 9.148459697388037731e-28
7.161298311156762075e+00 2.861337080887357185e-27 1.076106060700157829e-27
7.305971004311444972e+00 3.940569508124325354e-27 1.262845037870182350e-27
7.453566378135917603e+00 6.298049121886979796e-27 1.596517148205046410e-27
7.604143476684118497e+00 6.929768528845660705e-27 1.674672659100936468e-27
7.757762536819151400e+00 1.029352003511873048e-26 2.041044732091925246e-27
7.914485012310447765e+00 1.109959150032306306e-26 2.119454334250070762e-27
8.074373598417727393e+00 1.623397161581273931e-26 2.563202730248081520e-27
8.237492256971624016e+00 1.821818436919031040e-26 2.715333091058924417e-27
8.403906241960948265e+00 2.095455915241866340e-26 2.912123775578983938e-27
8.573682125636926443e+00 2.227927167814911325e-26 3.002763032501657860e-27
8.746887825144744610e+00 2.368950835522287817e-26 3.096339618042003448e-27
8.923592629693123612e+00 2.580795589998810897e-26 3.231821529880228566e-27
9.103867228272784828e+00 2.717879621527436268e-26 3.316543321479686697e-27
9.287783737934859118e+00 2.767602377450460933e-26 3.346743382691062148e-27
9.475415732640614763e+00 1.805015485579975327e-26 2.702782087047441511e-27
9.666838272693958345e+00 2.051250460098585870e-26 2.881243159087168442e-27
9.862127934768585291e+00 2.525251357282889233e-26 3.196854514681278724e-27
1.006136284254168878e+01 3.359316132030069838e-26 3.687194129061968285e-27
1.026462269794656912e+01 3.585267550478960262e-26 3.809178733967751314e-27
1.047198881305659945e+01 3.756381883755409923e-26 3.899019745349176645e-27
1.068354414261330021e+01 3.936779823012384661e-26 3.991545911189567835e-27
1.089937331721154656e+01 4.047073871899398012e-26 4.047073871899398442e-27
1.111956267715521562e+01 4.238548906138731475e-26 4.141705027256508967e-27
1.134420030699673632e+01 4.309832244117872068e-26 4.176387130934940712e-27
1.157337607077444908e+01 4.464900361728081610e-26 4.250856571866885878e-27
1.180718164796181036e+01 4.474968073063193033e-26 4.255646409898036069e-27
1.204571057014285707e+01 4.693847399042105138e-26 4.358479914757695968e-27
1.228905825842857169e+01 4.730671743370152437e-26 4.375543167325185612e-27
1.253732206162914942e+01 4.463720356292119646e-26 4.250294816293960475e-27
1.279060129519741551e+01 4.754578840011811162e-26 4.386585436908479055e-27
1.304899728095897871e+01 4.770882022733406543e-26 4.394099677990807786e-27
1.331261338764501900e+01 3.952887966452070261e-26 3.999703689971760766e-27
1.358155507224390846e+01 3.157656917807819086e-26 3.574810597567710695e-27
1.385592992218822950e+01 3.029366724924142022e-26 3.501438407403726965e-27
1.413584769839405375e+01 2.402682415221800693e-26 3.118306146791281885e-27
1.442142037916968889e+01 2.076085199648024872e-26 2.898632465031150953e-27
1.471276220501150434e+01 2.146834917738466136e-26 2.947609116362045723e-27
1.500998972430466516e+01 2.344394039915999863e-26 3.080249318542367233e-27
1.531322183994718245e+01 2.245048932189017636e-26 3.014279163348646845e-27
1.562257985691581297e+01 2.383193252467742262e-26 3.105633452896388499e-27
1.593818753079290218e+01 3.017018076915787969e-26 3.494294639857099111e-27
1.626017111727356479e+01 3.314275955053386198e-26 3.662392608932169807e-27
1.658865942267303240e+01 3.798195889566130783e-26 3.920660575084099338e-27
1.692378385545430675e+01 3.983348772227450072e-26 4.015084898074293626e-27
