6.197066188760985028e+00 8.559592017754256321e-28 2.908345489992748115e-28
6.514864454851291953e+00 1.075021525287565177e-27 3.259327821940625144e-28
6.848960067920588202e+00 1.616501682966455227e-27 3.996755159271668623e-28
7.200188789352414354e+00 3.223846766047036214e-27 5.644255426549495678e-28
7.569429240088434874e+00 7.340931568763522170e-27 8.517164818907077817e-28
7.957605098554507705e+00 1.312506359527022230e-26 1.138859560310937317e-27
8.365687411300893217e+00 2.009672382591801950e-26 1.409230700632894679e-27
8.794697022136837461e+00 2.455167085529928251e-26 1.557614531869129591e-27
9.245707125836160500e+00 2.551987802641842830e-26 1.588030213142972767e-27
9.719845952802119271e+00 2.200196800439341151e-26 1.474518507837698059e-27
1.021829959140735511e+01 3.541504332144920202e-26 1.870739655406628724e-27
1.074231495506927025e+01 3.952746098933986979e-26 1.976373049466993633e-27
1.129320290148307926e+01 4.304387544773603971e-26 2.062410669332365562e-27
1.187234151181554331e+01 4.579836403107304595e-26 2.127376933934032592e-27
1.248117953806249680e+01 4.640722933097758889e-26 2.141471425797905469e-27
1.312124002719390603e+01 4.413439348295315228e-26 2.088372881387329370e-27
1.379412413115256619e+01 2.962820606582744223e-26 1.711087197844631305e-27
1.450151511223731404e+01 2.131104445004544958e-26 1.451181827116488152e-27
1.524518255389051191e+01 2.296765582427644498e-26 1.506530052480427443e-27
1.602698678742335403e+01 3.061435097946619447e-26 1.739330017603623545e-27
1.684888354575276281e+01 3.902941165492315200e-26 1.963882345398306926e-27
