6.102423328488985277e+00 6.691075248101228973e-28 2.601887574987784865e-28
6.225704607852399874e+00 9.175259572861622314e-28 3.046840711508525609e-28
6.351476418112044442e+00 9.998549641584595902e-28 3.180600140356616883e-28
6.479789073023398238e+00 1.041001982813660963e-27 3.245385926681383947e-28
6.610693902781446418e+00 1.183881972814335405e-27 3.460945607630092262e-28
6.744243274554809986e+00 1.357533165170216815e-27 3.706088572537519095e-28
6.880490613434703917e+00 1.748794513087922021e-27 4.206394115284241630e-28
7.019490423807122070e+00 2.068020438565734986e-27 4.574229848694018866e-28
7.161298311156762075e+00 2.861337080887357185e-27 5.380530303500789145e-28
7.305971004311444972e+00 3.940569508124325354e-27 6.314225189350911752e-28
7.453566378135917603e+00 6.298049121886979796e-27 7.982585741025232052e-28
7.604143476684118497e+00 6.929768528845660705e-27 8.373363295504682339e-28
7.757762536819151400e+00 1.029352003511873048e-26 1.020522366045962623e-27
7.914485012310447765e+00 1.109959150032306306e-26 1.059727167125035381e-27
8.074373598417727393e+00 1.623397161581273931e-26 1.281601365124040760e-27
8.237492256971624016e+00 1.821818436919031040e-26 1.357666545529462208e-27
8.403906241960948265e+00 2.095455915241866340e-26 1.456061887789491969e-27
8.573682125636926443e+00 2.227927167814911325e-26 1.501381516250828930e-27
8.746887825144744610e+00 2.368950835522287817e-26 1.548169809021001724e-27
8.923592629693123612e+00 2.580795589998810897e-26 1.615910764940114283e-27
9.103867228272784828e+00 2.717879621527436268e-26 1.658271660739843349e-27
9.287783737934859118e+00 2.767602377450460933e-26 1.673371691345531074e-27
9.475415732640614763e+00 1.805015485579975327e-26 1.351391043523720756e-27
9.666838272693958345e+00 2.051250460098585870e-26 1.440621579543584221e-27
9.862127934768585291e+00 2.525251357282889233e-26 1.598427257340639362e-27
1.006136284254168878e+01 3.359316132030069838e-26 1.843597064530984142e-27
1.026462269794656912e+01 3.585267550478960262e-26 1.904589366983875657e-27
1.047198881305659945e+01 3.756381883755409923e-26 1.949509872674588322e-27
1.068354414261330021e+01 3.936779823012384661e-26 1.995772955594783918e-27
1.089937331721154656e+01 4.047073871899398012e-26 2.023536935949699221e-27
1.111956267715521562e+01 4.238548906138731475e-26 2.070852513628254484e-27
1.134420030699673632e+01 4.309832244117872068e-26 2.088193565467470356e-27
1.157337607077444908e+01 4.464900361728081610e-26 2.125428285933442939e-27
1.180718164796181036e+01 4.474968073063193033e-26 2.127823204949018034e-27
1.204571057014285707e+01 4.693847399042105138e-26 2.179239957378847984e-27
1.228905825842857169e+01 4.730671743370152437e-26 2.187771583662592806e-27
1.253732206162914942e+01 4.463720356292119646e-26 2.125147408146980237e-27
1.279060129519741551e+01 4.754578840011811162e-26 2.193292718454239528e-27
1.304899728095897871e+01 4.770882022733406543e-26 2.197049838995403893e-27
1.331261338764501900e+01 3.952887966452070261e-26 1.999851844985880383e-27
1.358155507224390846e+01 3.157656917807819086e-26 1.787405298783855348e-27
1.385592992218822950e+01 3.029366724924142022e-26 1.750719203701863482e-27
1.413584769839405375e+01 2.402682415221800693e-26 1.559153073395640942e-27
1.442142037916968889e+01 2.076085199648024872e-26 1.449316232515575476e-27
1.471276220501150434e+01 2.146834917738466136e-26 1.473804558181022862e-27
1.500998972430466516e+01 2.344394039915999863e-26 1.540124659271183616e-27
1.531322183994718245e+01 2.245048932189017636e-26 1.507139581674323422e-27
1.562257985691581297e+01 2.383193252467742262e-26 1.552816726448194250e-27
1.593818753079290218e+01 3.017018076915787969e-26 1.747147319928549555e-27
1.626017111727356479e+01 3.314275955053386198e-26 1.831196304466084903e-27
1.658865942267303240e+01 3.798195889566130783e-26 1.960330287542049669e-27
1.692378385545430675e+01 3.983348772227450072e-26 2.007542449037146813e-27
