3.036999071674373329e+00 5.219708573774597602e-30 7.613008157182293711e-27
3.098414217971031004e+00 5.984592973176204272e-30 7.374104208688644991e-27
3.161071320588921374e+00 1.328173360208480262e-29 7.268850381723070695e-27
3.224995494757701309e+00 8.388558159920952585e-30 7.037136946624895305e-27
3.290212363595072631e+00 1.334782563561495575e-29 7.037010548900748503e-27
3.356748068377445549e+00 2.666141152244069566e-29 7.025214083777031765e-27
3.424629279018304828e+00 4.250984360825576158e-29 6.928607879254920687e-27
3.493883204758483796e+00 6.322674303551540794e-29 7.054875404155983032e-27
3.564537605072600090e+00 7.970115738204894320e-29 7.092739499470594699e-27
3.636620800796060315e+00 1.041996974291671932e-28 7.015366647659755935e-27
3.710161685477077587e+00 1.315485462972191122e-28 7.139123419757215949e-27
3.785189736958240125e+00 1.627970912208105395e-28 7.150847498710377886e-27
3.861735029192303603e+00 1.944656766495673367e-28 6.954317426222460812e-27
3.939828244296916804e+00 2.313319275726663511e-28 6.913510310455890957e-27
4.019500684853111849e+00 2.560859254159463574e-28 6.847100526420160482e-27
4.100784286452527461e+00 2.489269294361098960e-28 6.529463402809281657e-27
4.183711630498329725e+00 1.375688111779309028e-28 6.268200110604602943e-27
4.268315957265023108e+00 4.307297272787112084e-29 6.121734731435651547e-27
4.354631179222358206e+00 7.577702855707863351e-29 5.841839759819877954e-27
4.442691894628661764e+00 5.045782136046647244e-28 5.487144331065438786e-27
4.532533401399081896e+00 6.689803923723940986e-28 5.249220298352263979e-27
4.624191711254259651e+00 8.287818281762493228e-28 5.057918510483827438e-27
4.717703564155121931e+00 8.796082241863311352e-28 4.784893834118859681e-27
4.813106443029601778e+00 8.784618097028608467e-28 4.499226228419160222e-27
4.910438588797127579e+00 1.127861600663987755e-27 4.292179590393302434e-27
5.009739015696982101e+00 1.235062528637348868e-27 4.117844915534437030e-27
5.111047526926615348e+00 1.049099091410388292e-27 3.903582788736677473e-27
5.214404730596193360e+00 8.758144034347193661e-28 3.673814356235789008e-27
5.319852056005808016e+00 7.075159472803316707e-28 3.484145883177976821e-27
5.427431770251838650e+00 4.962042738966309107e-28 3.329434482564513493e-27
5.537186995169101067e+00 4.489248278121692433e-28 3.168600119727517432e-27
5.649161724615683333e+00 3.704765922705346964e-28 2.992189746612107580e-27
5.763400842107240685e+00 4.092240862826472006e-28 2.827009626182708842e-27
5.879950138807928717e+00 4.998188687751056982e-28 2.690370306152839407e-27
5.998856331885182414e+00 5.668744419507384079e-28 2.572391678161534656e-27
6.120167083235608985e+00 6.267160715753088866e-28 2.456285864140600360e-27
6.243931018589619519e+00 7.690630193300739297e-28 2.340397317388311026e-27
6.370197747002383615e+00 8.903375815385967209e-28 2.236114815890790921e-27
6.499017880738906960e+00 1.013190473521575173e-27 2.151637028350808190e-27
6.630443055561275223e+00 1.195081297690532996e-27 2.084641098748957115e-27
6.764525951426122674e+00 1.293751527662837408e-27 2.027649165221070943e-27
6.901320313600665557e+00 1.598399791770381900e-27 1.976637455014272856e-27
7.040880974205744991e+00 2.059609478892812896e-27 1.933964443985391242e-27
7.183263874194517840e+00 2.675354437618322454e-27 1.904506782287052102e-27
7.328526085775611598e+00 3.968029986975545707e-27 1.890618113779248171e-27
7.476725835289743216e+00 6.535025867442770109e-27 1.890735396240618669e-27
7.627922526548906568e+00 7.624414642588901578e-27 1.901248728824735905e-27
7.782176764647600997e+00 1.063480721034580296e-26 1.919852489063985307e-27
7.939550380255518292e+00 1.116312592243059819e-26 1.946632265408386461e-27
8.100106454401514000e+00 1.613914452983019803e-26 1.983919838468677805e-27
8.263909343758772508e+00 1.880502456527436885e-26 2.033575233846586633e-27
8.431024706441272443e+00 2.090193368291180304e-26 2.096203636696599050e-27
8.601519528321922792e+00 2.259147968021610352e-26 2.170491685384853518e-27
8.775462149882953256e+00 2.406978497104290995e-26 2.254430555996495045e-27
8.952922293609207216e+00 2.568971548109623536e-26 2.346546728367969401e-27
9.133971091935467967e+00 2.732197649816045394e-26 2.446770755475718378e-27
9.318681115758886691e+00 2.676726236079567332e-26 2.556453684709141732e-27
9.507126403528006975e+00 1.856756062733987956e-26 2.677303466806275144e-27
9.699382490920088529e+00 1.961985662785213130e-26 2.811225436469203800e-27
9.895526441118496663e+00 2.676663844426211942e-26 2.958354506378498314e-27
1.009563687570241797e+01 3.402182385745587446e-26 3.117983193426262560e-27
1.029979400616126028e+01 3.584179551572531670e-26 3.288667744138476784e-27
1.050807966604626742e+01 3.734972147696293702e-26 3.469523791271563695e-27
1.072057734377237992e+01 3.908824952144552843e-26 3.660502471557769541e-27
1.093737221608343013e+01 4.025516371933041045e-26 3.862675290377290427e-27
1.115855118219401909e+01 4.185417637884127129e-26 4.078000277788223473e-27
1.138420289862189527e+01 4.266958715793370528e-26 4.308615856850282673e-27
1.161441781472466417e+01 4.367088774160272993e-26 4.556312425403897805e-27
1.184928820895516210e+01 4.485895916695437552e-26 4.821973280902280160e-27
1.208890822585001246e+01 4.624544684234545729e-26 5.105628018715963432e-27
1.233337391376612224e+01 4.598572302792883770e-26 5.406531747106598063e-27
1.258278326338035136e+01 4.465106403802769677e-26 5.723756957357760225e-27
1.283723624696773413e+01 4.648305210494467463e-26 6.056923400675083408e-27
1.309683485847392781e+01 4.574223896596463563e-26 6.406269839802338832e-27
1.336168315439812915e+01 3.656764774281574086e-26 6.773104730341573131e-27
1.363188729550264000e+01 3.191354584583606263e-26 7.159795445370859344e-27
1.390755558936591463e+01 2.904157809076704893e-26 7.569205164959143289e-27
1.418879853379622702e+01 2.271120780909801253e-26 8.004047662746478015e-27
1.447572886112309298e+01 2.081239110851303955e-26 8.466825351796177163e-27
1.476846158338450365e+01 2.161649592048552256e-26 8.959215282422384325e-27
1.506711403842792230e+01 2.339784762945544043e-26 9.481967608308986185e-27
1.537180593694349007e+01 2.253341479105003819e-26 1.003500398091354412e-26
1.568265941044841050e+01 2.457401878011916115e-26 1.061778619434080155e-26
1.599979906024170440e+01 3.145420391137168202e-26 1.122960168521579579e-26
1.632335200734883784e+01 3.304936040262393300e-26 1.186995632689978876e-26
1.665344794347649682e+01 3.636405263102592650e-26 1.253919665289542151e-26
1.699021918299765943e+01 3.956956695576833432e-26 1.323857964131147826e-26
1.733380071598798011e+01 4.051444982433852744e-26 1.397051963068175382e-26
1.768433026233473981e+01 4.055164119831965486e-26 1.473836805700763726e-26
1.804194832693984551e+01 4.445093602962867271e-26 1.554631463129203642e-26
1.840679825603937303e+01 4.040954229883240809e-26 1.639861351132054543e-26
1.877902629466188600e+01 4.401420574446280223e-26 1.729999652837742366e-26
1.915878164524866989e+01 3.607731186518957112e-26 1.825429549089547911e-26
1.954621652745954208e+01 3.820346030166477560e-26 1.926509085406615088e-26
1.994148623918792396e+01 3.858423387262698057e-26 2.193115608030989374e-26
