3.036999071674373329e+00 4.062072673223873953e-27 7.613008157182293711e-27
3.098414217971031004e+00 -8.228011497265853236e-27 7.374104208688644991e-27
3.161071320588920486e+00 1.052661946785618783e-26 7.268850381723070695e-27
3.224995494757701309e+00 2.332340936124881414e-27 7.037136946624895305e-27
3.290212363595071743e+00 1.945175189242692545e-27 7.037010548900748503e-27
3.356748068377445549e+00 -5.934611293862287100e-27 7.025214083777031765e-27
3.424629279018304828e+00 4.134934045887364176e-27 6.928607879254920687e-27
3.493883204758483796e+00 -1.574795477892328012e-26 7.054875404155983032e-27
3.564537605072599646e+00 -1.304452124016640904e-26 7.092739499470594699e-27
3.636620800796060315e+00 -3.852495597534527585e-27 7.015366647659755935e-27
3.710161685477077143e+00 -1.209458359166765518e-27 7.139123419757215949e-27
3.785189736958239237e+00 5.142846610567559141e-27 7.150847498710377886e-27
3.861735029192303603e+00 1.156658671382441852e-27 6.954317426222460812e-27
3.939828244296916804e+00 6.599390651291378008e-27 6.913510310455890957e-27
4.019500684853110961e+00 -3.131704964162624610e-27 6.847100526420160482e-27
4.100784286452527461e+00 -9.555013439918232492e-27 6.529463402809281657e-27
4.183711630498329725e+00 -1.556015305506248145e-27 6.268200110604602943e-27
4.268315957265022220e+00 8.540561242884538901e-27 6.121734731435651547e-27
4.354631179222358206e+00 -6.583123696449562664e-27 5.841839759819877954e-27
4.442691894628660876e+00 -3.011188094433111325e-27 5.487144331065438786e-27
4.532533401399081896e+00 6.866159724571549484e-27 5.249220298352263979e-27
4.624191711254259651e+00 -4.113774550029291628e-28 5.057918510483827438e-27
4.717703564155121931e+00 4.602593072023683933e-27 4.784893834118859681e-27
4.813106443029600889e+00 6.856333283791846447e-27 4.499226228419160222e-27
4.910438588797126691e+00 6.399789085183568753e-27 4.292179590393302434e-27
5.009739015696981212e+00 6.726669649311737471e-27 4.117844915534437030e-27
5.111047526926615348e+00 1.481362441772693752e-27 3.903582788736677473e-27
5.214404730596193360e+00 -2.921889846237945328e-28 3.673814356235789008e-27
5.319852056005807128e+00 -3.232228476356651155e-28 3.484145883177976821e-27
5.427431770251836873e+00 -2.306235803061383685e-27 3.329434482564513493e-27
5.537186995169101067e+00 -3.686925309510507063e-27 3.168600119727517432e-27
5.649161724615682445e+00 3.248289093517323395e-27 2.992189746612107580e-27
5.763400842107240685e+00 1.007900326057500958e-27 2.827009626182708842e-27
5.879950138807928717e+00 -4.133442279751465186e-27 2.690370306152839407e-27
5.998856331885181525e+00 5.347450817714932167e-27 2.572391678161534656e-27
6.120167083235607208e+00 2.289611158498920011e-27 2.456285864140600360e-27
6.243931018589618631e+00 -1.878670190048514545e-27 2.340397317388311026e-27
6.370197747002383615e+00 -1.309266515382195296e-27 2.236114815890790921e-27
6.499017880738906960e+00 4.811328777374881588e-27 2.151637028350808190e-27
6.630443055561274335e+00 -1.263177238167352515e-28 2.084641098748957115e-27
6.764525951426122674e+00 4.893138300075010237e-28 2.027649165221070943e-27
6.901320313600665557e+00 -4.175523005427381722e-28 1.976637455014272856e-27
7.040880974205744991e+00 3.484757273997495191e-27 1.933964443985391242e-27
7.183263874194516951e+00 3.653770854575703701e-27 1.904506782287052102e-27
7.328526085775608934e+00 2.618245464801676192e-27 1.890618113779248171e-27
7.476725835289740552e+00 5.070344340541372341e-27 1.890735396240618669e-27
7.627922526548905680e+00 4.233457392720426236e-27 1.901248728824735905e-27
7.782176764647598333e+00 1.243389991299459342e-26 1.919852489063985307e-27
7.939550380255518292e+00 1.340586082455556999e-26 1.946632265408386461e-27
8.100106454401514000e+00 1.522428746842580703e-26 1.983919838468677805e-27
8.263909343758772508e+00 1.896166735787263123e-26 2.033575233846586633e-27
8.431024706441272443e+00 1.768716378506314763e-26 2.096203636696599050e-27
8.601519528321922792e+00 2.102699689161792955e-26 2.170491685384853518e-27
8.775462149882951479e+00 2.491920952255488349e-26 2.254430555996495045e-27
8.952922293609207216e+00 2.785886854109316817e-26 2.346546728367969401e-27
9.133971091935467967e+00 2.812398846610866160e-26 2.446770755475718378e-27
9.318681115758884914e+00 2.630902965465363513e-26 2.556453684709141732e-27
9.507126403528006975e+00 1.791977460646773177e-26 2.677303466806275144e-27
9.699382490920088529e+00 1.155094327700596125e-26 2.811225436469203800e-27
9.895526441118494887e+00 2.782571684118768338e-26 2.958354506378498314e-27
1.009563687570241797e+01 3.704970616648071675e-26 3.117983193426262560e-27
1.029979400616126028e+01 3.490223768556853268e-26 3.288667744138476784e-27
1.050807966604626742e+01 3.560817815139069814e-26 3.469523791271563695e-27
1.072057734377237992e+01 4.244256999658555061e-26 3.660502471557769541e-27
1.093737221608343013e+01 3.587495090958535173e-26 3.862675290377290427e-27
1.115855118219401909e+01 4.290642744767267991e-26 4.078000277788223473e-27
1.138420289862189350e+01 4.721042176725243483e-26 4.308615856850282673e-27
1.161441781472466417e+01 5.402831923901980002e-26 4.556312425403897805e-27
1.184928820895516210e+01 4.861736791773459137e-26 4.821973280902280160e-27
1.208890822585001068e+01 5.625964611383197285e-26 5.105628018715963432e-27
1.233337391376612224e+01 4.518238423305082656e-26 5.406531747106598063e-27
1.258278326338034958e+01 3.501215054215064471e-26 5.723756957357760225e-27
1.283723624696773236e+01 4.496346521523623862e-26 6.056923400675083408e-27
1.309683485847392781e+01 4.207496739897099472e-26 6.406269839802338832e-27
1.336168315439812915e+01 3.913870130658549500e-26 6.773104730341573131e-27
1.363188729550263645e+01 3.265465271394614127e-26 7.159795445370859344e-27
1.390755558936591463e+01 4.571070151182414725e-26 7.569205164959143289e-27
1.418879853379622524e+01 2.984774074743776632e-26 8.004047662746478015e-27
1.447572886112309121e+01 1.772390691325821178e-26 8.466825351796177163e-27
1.476846158338450365e+01 2.182165414048358858e-26 8.959215282422384325e-27
1.506711403842792230e+01 2.304448347804449901e-26 9.481967608308986185e-27
1.537180593694349007e+01 2.466488565631054285e-26 1.003500398091354412e-26
1.568265941044841050e+01 2.885713956456126162e-26 1.061778619434080155e-26
1.599979906024170440e+01 3.798912052109353685e-26 1.122960168521579579e-26
1.632335200734883784e+01 5.179204558247637327e-26 1.186995632689978876e-26
1.665344794347649682e+01 2.617277826557459913e-26 1.253919665289542151e-26
1.699021918299765943e+01 4.042684534826354982e-26 1.323857964131147826e-26
1.733380071598798011e+01 6.315753671309182183e-26 1.397051963068175382e-26
1.768433026233473981e+01 3.063466512417456812e-26 1.473836805700763726e-26
1.804194832693984551e+01 2.621055515881383045e-26 1.554631463129203642e-26
1.840679825603937303e+01 3.271719313157279778e-26 1.639861351132054543e-26
1.877902629466188600e+01 4.785708813299723750e-26 1.729999652837742366e-26
1.915878164524866989e+01 3.428438198193217855e-26 1.825429549089547911e-26
1.954621652745954208e+01 1.914361237252145049e-26 1.926509085406615088e-26
1.994148623918792396e+01 3.823539069892758446e-26 1.926509085406615088e-26
