3.036999071674373329e+00 -4.341417966428146585e-27 7.613008157182293711e-27
3.098414217971031004e+00 8.418061188091289089e-27 7.374104208688644991e-27
3.161071320588920486e+00 -2.215551458959903817e-27 7.268850381723070695e-27
3.224995494757701309e+00 -9.969375946472946129e-28 7.037136946624895305e-27
3.290212363595071743e+00 4.085819527277109675e-27 7.037010548900748503e-27
3.356748068377445549e+00 -1.879808910417343099e-26 7.025214083777031765e-27
3.424629279018304828e+00 -3.359407325492670056e-27 6.928607879254920687e-27
3.493883204758483796e+00 1.072757045807212414e-27 7.054875404155983032e-27
3.564537605072599646e+00 -6.676616491597231906e-27 7.092739499470594699e-27
3.636620800796060315e+00 -2.136971522189428742e-28 7.015366647659755935e-27
3.710161685477077143e+00 -8.352746540254722092e-27 7.139123419757215949e-27
3.785189736958239237e+00 -1.097833876154959014e-28 7.150847498710377886e-27
3.861735029192303603e+00 7.552635969771165697e-27 6.954317426222460812e-27
3.939828244296916804e+00 4.064310196405453363e-27 6.913510310455890957e-27
4.019500684853110961e+00 1.235056882496478010e-27 6.847100526420160482e-27
4.100784286452527461e+00 -3.700138995331839701e-27 6.529463402809281657e-27
4.183711630498329725e+00 7.861219707427323385e-27 6.268200110604602943e-27
4.268315957265022220e+00 -9.236293728911241417e-27 6.121734731435651547e-27
4.354631179222358206e+00 -4.100993533493486352e-27 5.841839759819877954e-27
4.442691894628660876e+00 8.174717046310450112e-27 5.487144331065438786e-27
4.532533401399081896e+00 8.203230459863110449e-27 5.249220298352263979e-27
4.624191711254259651e+00 4.939698145702953377e-28 5.057918510483827438e-27
4.717703564155121931e+00 1.916028784016189394e-27 4.784893834118859681e-27
4.813106443029600889e+00 -6.901870252940336381e-27 4.499226228419160222e-27
4.910438588797126691e+00 2.858794432392388322e-27 4.292179590393302434e-27
5.009739015696981212e+00 7.688293113188578110e-28 4.117844915534437030e-27
5.111047526926615348e+00 4.614255024228390698e-27 3.903582788736677473e-27
5.214404730596193360e+00 3.948449647103167142e-27 3.673814356235789008e-27
5.319852056005807128e+00 -1.771791819618824123e-27 3.484145883177976821e-27
5.427431770251836873e+00 2.318925533759814605e-27 3.329434482564513493e-27
5.537186995169101067e+00 -5.155013923967363125e-28 3.168600119727517432e-27
5.649161724615682445e+00 3.909934184609556761e-28 2.992189746612107580e-27
5.763400842107240685e+00 -1.050222496740046007e-27 2.827009626182708842e-27
5.879950138807928717e+00 4.394814440183319015e-28 2.690370306152839407e-27
5.998856331885181525e+00 3.385564871272949510e-27 2.572391678161534656e-27
6.120167083235607208e+00 2.710140255065157974e-27 2.456285864140600360e-27
6.243931018589618631e+00 1.549282615853433276e-27 2.340397317388311026e-27
6.370197747002383615e+00 4.332419366903300288e-27 2.236114815890790921e-27
6.499017880738906960e+00 -1.394433434283046659e-27 2.151637028350808190e-27
6.630443055561274335e+00 1.808663537999083562e-27 2.084641098748957115e-27
6.764525951426122674e+00 2.222966507107924247e-27 2.027649165221070943e-27
6.901320313600665557e+00 4.934899418458862397e-28 1.976637455014272856e-27
7.040880974205744991e+00 2.181175795031278921e-27 1.933964443985391242e-27
7.183263874194516951e+00 2.292266703395523646e-27 1.904506782287052102e-27
7.328526085775608934e+00 4.757530402646253322e-27 1.890618113779248171e-27
7.476725835289740552e+00 9.443814969121763481e-27 1.890735396240618669e-27
7.627922526548905680e+00 4.552726500438539559e-27 1.901248728824735905e-27
7.782176764647598333e+00 1.139555452165873256e-26 1.919852489063985307e-27
7.939550380255518292e+00 1.082996979426610923e-26 1.946632265408386461e-27
8.100106454401514000e+00 1.527289700994613980e-26 1.983919838468677805e-27
8.263909343758772508e+00 1.946900446400549990e-26 2.033575233846586633e-27
8.431024706441272443e+00 1.944605320314424276e-26 2.096203636696599050e-27
8.601519528321922792e+00 2.134901360010949744e-26 2.170491685384853518e-27
8.775462149882951479e+00 2.624188031500122084e-26 2.254430555996495045e-27
8.952922293609207216e+00 2.531379165593478857e-26 2.346546728367969401e-27
9.133971091935467967e+00 2.549683023849785846e-26 2.446770755475718378e-27
9.318681115758884914e+00 2.210130881525406603e-26 2.556453684709141732e-27
9.507126403528006975e+00 1.417390526121649820e-26 2.677303466806275144e-27
9.699382490920088529e+00 1.790715906097414454e-26 2.811225436469203800e-27
9.895526441118494887e+00 2.325946859264865808e-26 2.958354506378498314e-27
1.009563687570241797e+01 3.559943853474458132e-26 3.117983193426262560e-27
1.029979400616126028e+01 3.397856696322612896e-26 3.288667744138476784e-27
1.050807966604626742e+01 3.697115122490992534e-26 3.469523791271563695e-27
1.072057734377237992e+01 3.870901117530409976e-26 3.660502471557769541e-27
1.093737221608343013e+01 4.141321635207638988e-26 3.862675290377290427e-27
1.115855118219401909e+01 3.335919753782589188e-26 4.078000277788223473e-27
1.138420289862189350e+01 3.955841684051628617e-26 4.308615856850282673e-27
1.161441781472466417e+01 3.724608424765355259e-26 4.556312425403897805e-27
1.184928820895516210e+01 5.022124225797039909e-26 4.821973280902280160e-27
1.208890822585001068e+01 5.396975981634862732e-26 5.105628018715963432e-27
1.233337391376612224e+01 4.805083880838018519e-26 5.406531747106598063e-27
1.258278326338034958e+01 4.381075795168848303e-26 5.723756957357760225e-27
1.283723624696773236e+01 3.975748783687634100e-26 6.056923400675083408e-27
1.309683485847392781e+01 5.358175166703663956e-26 6.406269839802338832e-27
1.336168315439812915e+01 2.771807770920244001e-26 6.773104730341573131e-27
1.363188729550263645e+01 4.251804370281654433e-26 7.159795445370859344e-27
1.390755558936591463e+01 2.983904960239032626e-26 7.569205164959143289e-27
1.418879853379622524e+01 1.897181491228666609e-26 8.004047662746478015e-27
1.447572886112309121e+01 1.323493922740533107e-26 8.466825351796177163e-27
1.476846158338450365e+01 3.687790796503898823e-26 8.959215282422384325e-27
1.506711403842792230e+01 2.790639023394684174e-26 9.481967608308986185e-27
1.537180593694349007e+01 2.654485277320664856e-26 1.003500398091354412e-26
1.568265941044841050e+01 3.047919365614719556e-26 1.061778619434080155e-26
1.599979906024170440e+01 4.420559665660330063e-26 1.122960168521579579e-26
1.632335200734883784e+01 2.741386964831893177e-26 1.186995632689978876e-26
1.665344794347649682e+01 4.666590295819035455e-26 1.253919665289542151e-26
1.699021918299765943e+01 2.996362600183361562e-26 1.323857964131147826e-26
1.733380071598798011e+01 4.751166864929933707e-26 1.397051963068175382e-26
1.768433026233473981e+01 3.127321895633919822e-26 1.473836805700763726e-26
1.804194832693984551e+01 7.953406261215769054e-26 1.554631463129203642e-26
1.840679825603937303e+01 5.445488924056465710e-26 1.639861351132054543e-26
1.877902629466188600e+01 4.066385168208637309e-26 1.729999652837742366e-26
1.915878164524866989e+01 2.757557866668071582e-26 1.825429549089547911e-26
1.954621652745954208e+01 2.452091947329369817e-26 1.926509085406615088e-26
1.994148623918792396e+01 4.504781190973094856e-26 1.926509085406615088e-26
