3.036999071674373329e+00 -6.069086469872028456e-27 7.613008157182293711e-27
3.098414217971031004e+00 -1.903067934223387117e-26 7.374104208688644991e-27
3.161071320588920486e+00 -1.076658022611528676e-26 7.268850381723070695e-27
3.224995494757701309e+00 -1.703200789076587908e-26 7.037136946624895305e-27
3.290212363595071743e+00 -8.852050431849259910e-27 7.037010548900748503e-27
3.356748068377445549e+00 3.608436174663640236e-27 7.025214083777031765e-27
3.424629279018304828e+00 -7.387367561074500907e-27 6.928607879254920687e-27
3.493883204758483796e+00 5.019038428033890945e-28 7.054875404155983032e-27
3.564537605072599646e+00 -8.212573424104534289e-27 7.092739499470594699e-27
3.636620800796060315e+00 1.016000968769554316e-27 7.015366647659755935e-27
3.710161685477077143e+00 7.462387992831827890e-27 7.139123419757215949e-27
3.785189736958239237e+00 1.119178552901654348e-26 7.150847498710377886e-27
3.861735029192303603e+00 5.691398531625015351e-27 6.954317426222460812e-27
3.939828244296916804e+00 7.258323673434000082e-27 6.913510310455890957e-27
4.019500684853110961e+00 -5.167259990785612862e-27 6.847100526420160482e-27
4.100784286452527461e+00 -4.074095115023752170e-27 6.529463402809281657e-27
4.183711630498329725e+00 4.955048073704631582e-27 6.268200110604602943e-27
4.268315957265022220e+00 5.668116119731840650e-27 6.121734731435651547e-27
4.354631179222358206e+00 -3.713830305069531053e-27 5.841839759819877954e-27
4.442691894628660876e+00 1.639967350543132257e-27 5.487144331065438786e-27
4.532533401399081896e+00 7.280619492062101934e-27 5.249220298352263979e-27
4.624191711254259651e+00 -4.899534107140225163e-27 5.057918510483827438e-27
4.717703564155121931e+00 8.868189573355551927e-27 4.784893834118859681e-27
4.813106443029600889e+00 8.484560835962603498e-29 4.499226228419160222e-27
4.910438588797126691e+00 -1.657533637054683427e-27 4.292179590393302434e-27
5.009739015696981212e+00 -2.454125564327595802e-27 4.117844915534437030e-27
5.111047526926615348e+00 -3.668343666521531096e-27 3.903582788736677473e-27
5.214404730596193360e+00 -7.205908969560182943e-27 3.673814356235789008e-27
5.319852056005807128e+00 -2.033652502349710983e-27 3.484145883177976821e-27
5.427431770251836873e+00 -1.994476584713945332e-27 3.329434482564513493e-27
5.537186995169101067e+00 -7.088244400236613720e-28 3.168600119727517432e-27
5.649161724615682445e+00 -2.571345342031182498e-27 2.992189746612107580e-27
5.763400842107240685e+00 8.074354620425439856e-28 2.827009626182708842e-27
5.879950138807928717e+00 2.486488486862725495e-27 2.690370306152839407e-27
5.998856331885181525e+00 -4.149609298155353655e-27 2.572391678161534656e-27
6.120167083235607208e+00 4.021802817849191156e-27 2.456285864140600360e-27
6.243931018589618631e+00 2.127548695904713122e-27 2.340397317388311026e-27
6.370197747002383615e+00 -3.323091602370013801e-28 2.236114815890790921e-27
6.499017880738906960e+00 2.717213176205005479e-27 2.151637028350808190e-27
6.630443055561274335e+00 3.389280489673185016e-28 2.084641098748957115e-27
6.764525951426122674e+00 -5.840572464193621746e-28 2.027649165221070943e-27
6.901320313600665557e+00 -6.844772785962344915e-28 1.976637455014272856e-27
7.040880974205744991e+00 3.022631652164159295e-27 1.933964443985391242e-27
7.183263874194516951e+00 1.229340927098390466e-27 1.904506782287052102e-27
7.328526085775608934e+00 1.160782120684028908e-27 1.890618113779248171e-27
7.476725835289740552e+00 2.444642877803308818e-27 1.890735396240618669e-27
7.627922526548905680e+00 7.242997091598449558e-27 1.901248728824735905e-27
7.782176764647598333e+00 8.746331481223671802e-27 1.919852489063985307e-27
7.939550380255518292e+00 8.820267164186480031e-27 1.946632265408386461e-27
8.100106454401514000e+00 1.600034167820676144e-26 1.983919838468677805e-27
8.263909343758772508e+00 1.982016465818146648e-26 2.033575233846586633e-27
8.431024706441272443e+00 2.075424463063888640e-26 2.096203636696599050e-27
8.601519528321922792e+00 1.859642455872043612e-26 2.170491685384853518e-27
8.775462149882951479e+00 2.380365259222868554e-26 2.254430555996495045e-27
8.952922293609207216e+00 2.347643609037818108e-26 2.346546728367969401e-27
9.133971091935467967e+00 2.528964681832348839e-26 2.446770755475718378e-27
9.318681115758884914e+00 2.382419831966912127e-26 2.556453684709141732e-27
9.507126403528006975e+00 2.069693513004801066e-26 2.677303466806275144e-27
9.699382490920088529e+00 2.060459624834734639e-26 2.811225436469203800e-27
9.895526441118494887e+00 2.682931947385496397e-26 2.958354506378498314e-27
1.009563687570241797e+01 3.019352534280857033e-26 3.117983193426262560e-27
1.029979400616126028e+01 3.336713790048475206e-26 3.288667744138476784e-27
1.050807966604626742e+01 2.830450032606298061e-26 3.469523791271563695e-27
1.072057734377237992e+01 3.486565783149811257e-26 3.660502471557769541e-27
1.093737221608343013e+01 3.193384746548525170e-26 3.862675290377290427e-27
1.115855118219401909e+01 4.171005285771046944e-26 4.078000277788223473e-27
1.138420289862189350e+01 3.653172630191294133e-26 4.308615856850282673e-27
1.161441781472466417e+01 4.172954772213389101e-26 4.556312425403897805e-27
1.184928820895516210e+01 4.757549171033671209e-26 4.821973280902280160e-27
1.208890822585001068e+01 5.184441529417554388e-26 5.105628018715963432e-27
1.233337391376612224e+01 5.031482836841292947e-26 5.406531747106598063e-27
1.258278326338034958e+01 4.022789172128468663e-26 5.723756957357760225e-27
1.283723624696773236e+01 5.203418783433081005e-26 6.056923400675083408e-27
1.309683485847392781e+01 5.426334580665184626e-26 6.406269839802338832e-27
1.336168315439812915e+01 3.526357577654822666e-26 6.773104730341573131e-27
1.363188729550263645e+01 4.094764451117034355e-26 7.159795445370859344e-27
1.390755558936591463e+01 3.030534808863579793e-26 7.569205164959143289e-27
1.418879853379622524e+01 1.769759199495269890e-26 8.004047662746478015e-27
1.447572886112309121e+01 2.676944360545618363e-26 8.466825351796177163e-27
1.476846158338450365e+01 2.351673794404047837e-26 8.959215282422384325e-27
1.506711403842792230e+01 1.285098333223784224e-26 9.481967608308986185e-27
1.537180593694349007e+01 1.793721445287100593e-26 1.003500398091354412e-26
1.568265941044841050e+01 2.043011205456626184e-26 1.061778619434080155e-26
1.599979906024170440e+01 1.995881594850328205e-26 1.122960168521579579e-26
1.632335200734883784e+01 3.803490948926004355e-26 1.186995632689978876e-26
1.665344794347649682e+01 4.913484991395392309e-26 1.253919665289542151e-26
1.699021918299765943e+01 5.578143250293863481e-27 1.323857964131147826e-26
1.733380071598798011e+01 3.456237906668652597e-26 1.397051963068175382e-26
1.768433026233473981e+01 4.747764257309944913e-26 1.473836805700763726e-26
1.804194832693984551e+01 3.818346997138873813e-26 1.554631463129203642e-26
1.840679825603937303e+01 4.974138967319198997e-26 1.639861351132054543e-26
1.877902629466188600e+01 3.338882657169041908e-26 1.729999652837742366e-26
1.915878164524866989e+01 4.762371833765267385e-26 1.825429549089547911e-26
1.954621652745954208e+01 1.250094229309691998e-26 1.926509085406615088e-26
1.994148623918792396e+01 3.451470167963096193e-26 1.926509085406615088e-26
