3.036999071674373329e+00 1.090911703783709919e-26 7.613008157182293711e-27
3.098414217971031004e+00 1.153211222298377486e-26 7.374104208688644991e-27
3.161071320588920486e+00 1.449076543361877860e-28 7.268850381723070695e-27
3.224995494757701309e+00 8.998462073492965246e-27 7.037136946624895305e-27
3.290212363595071743e+00 -4.026365324355534094e-27 7.037010548900748503e-27
3.356748068377445549e+00 3.293088371376770757e-28 7.025214083777031765e-27
3.424629279018304828e+00 -2.276720951020067306e-27 6.928607879254920687e-27
3.493883204758483796e+00 -3.010398710299206782e-27 7.054875404155983032e-27
3.564537605072599646e+00 -4.942557580401502266e-27 7.092739499470594699e-27
3.636620800796060315e+00 -4.512407881314941337e-27 7.015366647659755935e-27
3.710161685477077143e+00 -2.460234393798477169e-27 7.139123419757215949e-27
3.785189736958239237e+00 2.706358507373598464e-27 7.150847498710377886e-27
3.861735029192303603e+00 -6.726533192314578807e-27 6.954317426222460812e-27
3.939828244296916804e+00 6.232439983100275370e-27 6.913510310455890957e-27
4.019500684853110961e+00 -8.421057454719142701e-27 6.847100526420160482e-27
4.100784286452527461e+00 -2.159484351097867005e-27 6.529463402809281657e-27
4.183711630498329725e+00 -1.342994969605460616e-27 6.268200110604602943e-27
4.268315957265022220e+00 -1.189208907256449710e-27 6.121734731435651547e-27
4.354631179222358206e+00 -1.174655627973365150e-26 5.841839759819877954e-27
4.442691894628660876e+00 -6.174212000233044958e-27 5.487144331065438786e-27
4.532533401399081896e+00 -5.538381198772098484e-27 5.249220298352263979e-27
4.624191711254259651e+00 8.458468074366170923e-27 5.057918510483827438e-27
4.717703564155121931e+00 5.083771767742901461e-27 4.784893834118859681e-27
4.813106443029600889e+00 9.706124553185680755e-28 4.499226228419160222e-27
4.910438588797126691e+00 -1.060165513812151115e-28 4.292179590393302434e-27
5.009739015696981212e+00 6.257154656889502251e-27 4.117844915534437030e-27
5.111047526926615348e+00 5.094672254522535754e-27 3.903582788736677473e-27
5.214404730596193360e+00 1.576674632176617005e-27 3.673814356235789008e-27
5.319852056005807128e+00 3.780079347832341724e-27 3.484145883177976821e-27
5.427431770251836873e+00 -5.694585337597713099e-27 3.329434482564513493e-27
5.537186995169101067e+00 -2.754862442524585552e-27 3.168600119727517432e-27
5.649161724615682445e+00 2.239537305086596491e-27 2.992189746612107580e-27
5.763400842107240685e+00 1.514113272067951299e-27 2.827009626182708842e-27
5.879950138807928717e+00 2.430764825537858241e-27 2.690370306152839407e-27
5.998856331885181525e+00 -1.562927916486195363e-27 2.572391678161534656e-27
6.120167083235607208e+00 6.158101415846362467e-28 2.456285864140600360e-27
6.243931018589618631e+00 3.644659288040920624e-29 2.340397317388311026e-27
6.370197747002383615e+00 7.884348085026706579e-28 2.236114815890790921e-27
6.499017880738906960e+00 4.167500226851870241e-27 2.151637028350808190e-27
6.630443055561274335e+00 -1.240143998826745704e-27 2.084641098748957115e-27
6.764525951426122674e+00 2.884599362733171605e-27 2.027649165221070943e-27
6.901320313600665557e+00 -2.415721786835923568e-27 1.976637455014272856e-27
7.040880974205744991e+00 2.596575170360746665e-27 1.933964443985391242e-27
7.183263874194516951e+00 3.113573089042330489e-27 1.904506782287052102e-27
7.328526085775608934e+00 4.810368841636705336e-27 1.890618113779248171e-27
7.476725835289740552e+00 7.790457473088048642e-27 1.890735396240618669e-27
7.627922526548905680e+00 7.197363434003124491e-27 1.901248728824735905e-27
7.782176764647598333e+00 1.107805880757824879e-26 1.919852489063985307e-27
7.939550380255518292e+00 1.010895432431945994e-26 1.946632265408386461e-27
8.100106454401514000e+00 1.704277021755499777e-26 1.983919838468677805e-27
8.263909343758772508e+00 2.024436378703812102e-26 2.033575233846586633e-27
8.431024706441272443e+00 2.321183819929472536e-26 2.096203636696599050e-27
8.601519528321922792e+00 2.107547705352510616e-26 2.170491685384853518e-27
8.775462149882951479e+00 2.063177560119406726e-26 2.254430555996495045e-27
8.952922293609207216e+00 2.571287752849728247e-26 2.346546728367969401e-27
9.133971091935467967e+00 2.799223967214049498e-26 2.446770755475718378e-27
9.318681115758884914e+00 2.761421784128595724e-26 2.556453684709141732e-27
9.507126403528006975e+00 2.058153751188245758e-26 2.677303466806275144e-27
9.699382490920088529e+00 1.884990204265580479e-26 2.811225436469203800e-27
9.895526441118494887e+00 2.506642336469580821e-26 2.958354506378498314e-27
1.009563687570241797e+01 2.972807290695644657e-26 3.117983193426262560e-27
1.029979400616126028e+01 3.356764909264369546e-26 3.288667744138476784e-27
1.050807966604626742e+01 3.722674342488800362e-26 3.469523791271563695e-27
1.072057734377237992e+01 3.570204927782085798e-26 3.660502471557769541e-27
1.093737221608343013e+01 4.688878354462732759e-26 3.862675290377290427e-27
1.115855118219401909e+01 4.220376521852926726e-26 4.078000277788223473e-27
1.138420289862189350e+01 4.507404212981503571e-26 4.308615856850282673e-27
1.161441781472466417e+01 4.238616311188926688e-26 4.556312425403897805e-27
1.184928820895516210e+01 4.220760402561514100e-26 4.821973280902280160e-27
1.208890822585001068e+01 4.146343910705795687e-26 5.105628018715963432e-27
1.233337391376612224e+01 4.027972497490894680e-26 5.406531747106598063e-27
1.258278326338034958e+01 4.279827580529204325e-26 5.723756957357760225e-27
1.283723624696773236e+01 4.128296661870774416e-26 6.056923400675083408e-27
1.309683485847392781e+01 4.705614647399288005e-26 6.406269839802338832e-27
1.336168315439812915e+01 4.191078059032730848e-26 6.773104730341573131e-27
1.363188729550263645e+01 3.568804155973724709e-26 7.159795445370859344e-27
1.390755558936591463e+01 2.626321748863604594e-26 7.569205164959143289e-27
1.418879853379622524e+01 3.149060503889196090e-26 8.004047662746478015e-27
1.447572886112309121e+01 1.718672193448792821e-26 8.466825351796177163e-27
1.476846158338450365e+01 2.026530725860535125e-26 8.959215282422384325e-27
1.506711403842792230e+01 7.354169961713635254e-27 9.481967608308986185e-27
1.537180593694349007e+01 1.175559654053974956e-26 1.003500398091354412e-26
1.568265941044841050e+01 3.378641576828236006e-26 1.061778619434080155e-26
1.599979906024170440e+01 3.462631839581184825e-26 1.122960168521579579e-26
1.632335200734883784e+01 3.326907271308867174e-26 1.186995632689978876e-26
1.665344794347649682e+01 3.822800317982349824e-26 1.253919665289542151e-26
1.699021918299765943e+01 2.370852797083336329e-26 1.323857964131147826e-26
1.733380071598798011e+01 1.242247599159334078e-26 1.397051963068175382e-26
1.768433026233473981e+01 5.141278914454614990e-26 1.473836805700763726e-26
1.804194832693984551e+01 4.163313105765997915e-26 1.554631463129203642e-26
1.840679825603937303e+01 2.657770983936738113e-26 1.639861351132054543e-26
1.877902629466188600e+01 4.757076721643397031e-26 1.729999652837742366e-26
1.915878164524866989e+01 1.004841637430991600e-26 1.825429549089547911e-26
1.954621652745954208e+01 5.395688696116139873e-26 1.926509085406615088e-26
1.994148623918792396e+01 2.973279962902555345e-26 1.926509085406615088e-26
