3.036999071674373329e+00 -1.349631963950577561e-26 7.613008157182293711e-27
3.098414217971031004e+00 1.798667803173694879e-28 7.374104208688644991e-27
3.161071320588920486e+00 1.245610537999316547e-26 7.268850381723070695e-27
3.224995494757701309e+00 9.996716912407645306e-27 7.037136946624895305e-27
3.290212363595071743e+00 -2.023117270405279268e-27 7.037010548900748503e-27
3.356748068377445549e+00 6.463995861352183241e-27 7.025214083777031765e-27
3.424629279018304828e+00 -7.366504582786179332e-27 6.928607879254920687e-27
3.493883204758483796e+00 -2.333107955181507694e-27 7.054875404155983032e-27
3.564537605072599646e+00 7.954624072373062965e-27 7.092739499470594699e-27
3.636620800796060315e+00 -2.694750421079815930e-27 7.015366647659755935e-27
3.710161685477077143e+00 -3.533382956763514035e-27 7.139123419757215949e-27
3.785189736958239237e+00 -5.482816846365320751e-28 7.150847498710377886e-27
3.861735029192303603e+00 3.572570396127632016e-27 6.954317426222460812e-27
3.939828244296916804e+00 -8.245858002099144962e-27 6.913510310455890957e-27
4.019500684853110961e+00 4.300861044739429142e-27 6.847100526420160482e-27
4.100784286452527461e+00 -3.831911481267033985e-27 6.529463402809281657e-27
4.183711630498329725e+00 -5.777966596196469811e-27 6.268200110604602943e-27
4.268315957265022220e+00 -1.109015156278746470e-26 6.121734731435651547e-27
4.354631179222358206e+00 -4.257601326838137986e-27 5.841839759819877954e-27
4.442691894628660876e+00 2.641065160491338919e-27 5.487144331065438786e-27
4.532533401399081896e+00 -4.971716081621660453e-27 5.249220298352263979e-27
4.624191711254259651e+00 9.584393816200326726e-27 5.057918510483827438e-27
4.717703564155121931e+00 -3.797799165518077764e-27 4.784893834118859681e-27
4.813106443029600889e+00 7.195660327651544881e-27 4.499226228419160222e-27
4.910438588797126691e+00 2.029289189432231107e-27 4.292179590393302434e-27
5.009739015696981212e+00 -4.522975994141778018e-27 4.117844915534437030e-27
5.111047526926615348e+00 1.869323738351677192e-27 3.903582788736677473e-27
5.214404730596193360e+00 4.142898636062344651e-27 3.673814356235789008e-27
5.319852056005807128e+00 3.246810133357063408e-27 3.484145883177976821e-27
5.427431770251836873e+00 -3.172951648678744678e-28 3.329434482564513493e-27
5.537186995169101067e+00 -3.517933407035460050e-27 3.168600119727517432e-27
5.649161724615682445e+00 -5.248582900423166409e-28 2.992189746612107580e-27
5.763400842107240685e+00 3.892179227465778053e-28 2.827009626182708842e-27
5.879950138807928717e+00 1.291636959569070430e-28 2.690370306152839407e-27
5.998856331885181525e+00 3.645768807039021473e-27 2.572391678161534656e-27
6.120167083235607208e+00 2.600400549602912121e-27 2.456285864140600360e-27
6.243931018589618631e+00 6.325631556118737979e-28 2.340397317388311026e-27
6.370197747002383615e+00 -2.647045123111029440e-27 2.236114815890790921e-27
6.499017880738906960e+00 -3.810420500633524646e-27 2.151637028350808190e-27
6.630443055561274335e+00 3.003225256188941601e-27 2.084641098748957115e-27
6.764525951426122674e+00 1.900282914866431985e-27 2.027649165221070943e-27
6.901320313600665557e+00 2.649588332628816896e-27 1.976637455014272856e-27
7.040880974205744991e+00 4.534722782282448961e-27 1.933964443985391242e-27
7.183263874194516951e+00 4.467264506315878946e-27 1.904506782287052102e-27
7.328526085775608934e+00 3.818015882066956228e-27 1.890618113779248171e-27
7.476725835289740552e+00 1.012294334632640862e-26 1.890735396240618669e-27
7.627922526548905680e+00 1.042760242918952061e-26 1.901248728824735905e-27
7.782176764647598333e+00 1.125290664814438114e-26 1.919852489063985307e-27
7.939550380255518292e+00 1.225293599826946431e-26 1.946632265408386461e-27
8.100106454401514000e+00 1.569824183379728895e-26 1.983919838468677805e-27
8.263909343758772508e+00 2.155849863425268313e-26 2.033575233846586633e-27
8.431024706441272443e+00 1.966887442861327723e-26 2.096203636696599050e-27
8.601519528321922792e+00 2.224586564295635503e-26 2.170491685384853518e-27
8.775462149882951479e+00 2.499839156938575605e-26 2.254430555996495045e-27
8.952922293609207216e+00 2.844309580704347309e-26 2.346546728367969401e-27
9.133971091935467967e+00 2.763639735217363529e-26 2.446770755475718378e-27
9.318681115758884914e+00 2.492682500977487711e-26 2.556453684709141732e-27
9.507126403528006975e+00 1.888077744807808277e-26 2.677303466806275144e-27
9.699382490920088529e+00 2.008753852825063246e-26 2.811225436469203800e-27
9.895526441118494887e+00 2.578403192379467552e-26 2.958354506378498314e-27
1.009563687570241797e+01 3.545550911534492617e-26 3.117983193426262560e-27
1.029979400616126028e+01 4.191086993557629089e-26 3.288667744138476784e-27
1.050807966604626742e+01 3.473178682532213730e-26 3.469523791271563695e-27
1.072057734377237992e+01 3.747645662528024068e-26 3.660502471557769541e-27
1.093737221608343013e+01 3.654812121149365518e-26 3.862675290377290427e-27
1.115855118219401909e+01 3.830463075179659566e-26 4.078000277788223473e-27
1.138420289862189350e+01 4.374922130449162557e-26 4.308615856850282673e-27
1.161441781472466417e+01 4.278403335815050685e-26 4.556312425403897805e-27
1.184928820895516210e+01 4.792646368931164958e-26 4.821973280902280160e-27
1.208890822585001068e+01 4.353708388082186095e-26 5.105628018715963432e-27
1.233337391376612224e+01 5.095661288276885760e-26 5.406531747106598063e-27
1.258278326338034958e+01 4.195160303992112025e-26 5.723756957357760225e-27
1.283723624696773236e+01 5.169077214773236512e-26 6.056923400675083408e-27
1.309683485847392781e+01 4.383315440192350876e-26 6.406269839802338832e-27
1.336168315439812915e+01 4.077451326692729919e-26 6.773104730341573131e-27
1.363188729550263645e+01 3.772643103254824295e-26 7.159795445370859344e-27
1.390755558936591463e+01 2.942207330322328501e-26 7.569205164959143289e-27
1.418879853379622524e+01 7.323304334817269421e-27 8.004047662746478015e-27
1.447572886112309121e+01 1.534983075711945689e-26 8.466825351796177163e-27
1.476846158338450365e+01 3.546928607540289820e-26 8.959215282422384325e-27
1.506711403842792230e+01 1.416059339286373050e-26 9.481967608308986185e-27
1.537180593694349007e+01 2.493438829505045370e-26 1.003500398091354412e-26
1.568265941044841050e+01 2.811554667241885341e-26 1.061778619434080155e-26
1.599979906024170440e+01 3.528238108874350953e-26 1.122960168521579579e-26
1.632335200734883784e+01 5.909623110469239936e-26 1.186995632689978876e-26
1.665344794347649682e+01 4.358079432886781499e-26 1.253919665289542151e-26
1.699021918299765943e+01 5.102562741758298284e-26 1.323857964131147826e-26
1.733380071598798011e+01 2.223542575844952536e-26 1.397051963068175382e-26
1.768433026233473981e+01 4.497111560026612476e-26 1.473836805700763726e-26
1.804194832693984551e+01 4.390667245764638181e-26 1.554631463129203642e-26
1.840679825603937303e+01 4.165552927224740771e-26 1.639861351132054543e-26
1.877902629466188600e+01 4.841894439919043478e-26 1.729999652837742366e-26
1.915878164524866989e+01 3.484681929602035531e-26 1.825429549089547911e-26
1.954621652745954208e+01 3.688029182564841104e-26 1.926509085406615088e-26
1.994148623918792396e+01 4.851352449613186533e-26 1.926509085406615088e-26
