3.036999071674373329e+00 4.380275022936623425e-27 7.613008157182293711e-27
3.098414217971031004e+00 7.205919826273294752e-27 7.374104208688644991e-27
3.161071320588920486e+00 -4.773677898853837935e-27 7.268850381723070695e-27
3.224995494757701309e+00 -4.374332175042269999e-27 7.037136946624895305e-27
3.290212363595071743e+00 4.864047220212768066e-27 7.037010548900748503e-27
3.356748068377445549e+00 -4.707668409495487309e-27 7.025214083777031765e-27
3.424629279018304828e+00 5.976321827531915346e-28 6.928607879254920687e-27
3.493883204758483796e+00 6.332002347229158679e-27 7.054875404155983032e-27
3.564537605072599646e+00 1.045324960157043376e-26 7.092739499470594699e-27
3.636620800796060315e+00 -5.697566450232884966e-27 7.015366647659755935e-27
3.710161685477077143e+00 4.208824934025769056e-27 7.139123419757215949e-27
3.785189736958239237e+00 -2.848417679051790207e-27 7.150847498710377886e-27
3.861735029192303603e+00 -9.210444862670824764e-27 6.954317426222460812e-27
3.939828244296916804e+00 -2.668994583070300578e-27 6.913510310455890957e-27
4.019500684853110961e+00 -1.292249692163779146e-26 6.847100526420160482e-27
4.100784286452527461e+00 7.908679161043715353e-27 6.529463402809281657e-27
4.183711630498329725e+00 -7.365279109802440265e-27 6.268200110604602943e-27
4.268315957265022220e+00 6.685766758739954885e-27 6.121734731435651547e-27
4.354631179222358206e+00 2.599643512540469187e-27 5.841839759819877954e-27
4.442691894628660876e+00 -1.697012538776558864e-27 5.487144331065438786e-27
4.532533401399081896e+00 6.276889881648323606e-27 5.249220298352263979e-27
4.624191711254259651e+00 -1.048913585694077943e-27 5.057918510483827438e-27
4.717703564155121931e+00 -9.943860836293276827e-29 4.784893834118859681e-27
4.813106443029600889e+00 8.293486236077399636e-27 4.499226228419160222e-27
4.910438588797126691e+00 2.313070465731771699e-27 4.292179590393302434e-27
5.009739015696981212e+00 2.456746673711199871e-28 4.117844915534437030e-27
5.111047526926615348e+00 5.200912496715420096e-28 3.903582788736677473e-27
5.214404730596193360e+00 -7.642954818767922650e-28 3.673814356235789008e-27
5.319852056005807128e+00 3.121948444072987426e-27 3.484145883177976821e-27
5.427431770251836873e+00 3.835488694361671211e-27 3.329434482564513493e-27
5.537186995169101067e+00 -2.484780639252248448e-27 3.168600119727517432e-27
5.649161724615682445e+00 -4.394933040256519002e-27 2.992189746612107580e-27
5.763400842107240685e+00 1.968505070693032975e-27 2.827009626182708842e-27
5.879950138807928717e+00 3.187073798915754102e-27 2.690370306152839407e-27
5.998856331885181525e+00 -1.597022816704368981e-27 2.572391678161534656e-27
6.120167083235607208e+00 -2.099461384860765100e-27 2.456285864140600360e-27
6.243931018589618631e+00 2.390686978976018977e-27 2.340397317388311026e-27
6.370197747002383615e+00 1.477564199030436823e-27 2.236114815890790921e-27
6.499017880738906960e+00 -2.550677420892052449e-27 2.151637028350808190e-27
6.630443055561274335e+00 5.486525742573109618e-27 2.084641098748957115e-27
6.764525951426122674e+00 7.049479657607062488e-28 2.027649165221070943e-27
6.901320313600665557e+00 -1.730913851349511529e-27 1.976637455014272856e-27
7.040880974205744991e+00 1.150583364123888406e-27 1.933964443985391242e-27
7.183263874194516951e+00 5.903621007993343114e-27 1.904506782287052102e-27
7.328526085775608934e+00 6.749786530130121577e-27 1.890618113779248171e-27
7.476725835289740552e+00 1.163861326999227582e-27 1.890735396240618669e-27
7.627922526548905680e+00 6.119221713879989391e-27 1.901248728824735905e-27
7.782176764647598333e+00 8.982045012257909708e-27 1.919852489063985307e-27
7.939550380255518292e+00 1.474626413828920673e-26 1.946632265408386461e-27
8.100106454401514000e+00 1.353405254780695524e-26 1.983919838468677805e-27
8.263909343758772508e+00 1.687045163395993257e-26 2.033575233846586633e-27
8.431024706441272443e+00 2.097039298567758221e-26 2.096203636696599050e-27
8.601519528321922792e+00 2.286028678197797302e-26 2.170491685384853518e-27
8.775462149882951479e+00 2.402294830129053572e-26 2.254430555996495045e-27
8.952922293609207216e+00 2.671532201768505978e-26 2.346546728367969401e-27
9.133971091935467967e+00 2.537949283154311702e-26 2.446770755475718378e-27
9.318681115758884914e+00 2.503862240170714458e-26 2.556453684709141732e-27
9.507126403528006975e+00 1.737920920154650114e-26 2.677303466806275144e-27
9.699382490920088529e+00 2.387421179388601195e-26 2.811225436469203800e-27
9.895526441118494887e+00 2.442195185394651417e-26 2.958354506378498314e-27
1.009563687570241797e+01 3.304179430986591138e-26 3.117983193426262560e-27
1.029979400616126028e+01 3.599482642613222293e-26 3.288667744138476784e-27
1.050807966604626742e+01 3.734246730041219740e-26 3.469523791271563695e-27
1.072057734377237992e+01 3.891811666433559305e-26 3.660502471557769541e-27
1.093737221608343013e+01 3.799358635672186885e-26 3.862675290377290427e-27
1.115855118219401909e+01 4.395811385384129223e-26 4.078000277788223473e-27
1.138420289862189350e+01 4.963601496377556799e-26 4.308615856850282673e-27
1.161441781472466417e+01 4.058273117194781303e-26 4.556312425403897805e-27
1.184928820895516210e+01 4.245106396697491252e-26 4.821973280902280160e-27
1.208890822585001068e+01 3.225046931564894958e-26 5.105628018715963432e-27
1.233337391376612224e+01 4.149137926666176557e-26 5.406531747106598063e-27
1.258278326338034958e+01 4.233142365090347197e-26 5.723756957357760225e-27
1.283723624696773236e+01 4.999357590601459809e-26 6.056923400675083408e-27
1.309683485847392781e+01 5.010543258371952679e-26 6.406269839802338832e-27
1.336168315439812915e+01 3.473733460001422928e-26 6.773104730341573131e-27
1.363188729550263645e+01 2.340823007071308916e-26 7.159795445370859344e-27
1.390755558936591463e+01 3.917410708301665858e-26 7.569205164959143289e-27
1.418879853379622524e+01 1.531647885552087038e-26 8.004047662746478015e-27
1.447572886112309121e+01 2.403926069822706433e-26 8.466825351796177163e-27
1.476846158338450365e+01 3.759481127192326980e-26 8.959215282422384325e-27
1.506711403842792230e+01 2.690602351497999270e-26 9.481967608308986185e-27
1.537180593694349007e+01 9.563659967133763971e-27 1.003500398091354412e-26
1.568265941044841050e+01 2.150719289361257881e-26 1.061778619434080155e-26
1.599979906024170440e+01 1.360742933723783947e-26 1.122960168521579579e-26
1.632335200734883784e+01 1.258960426604661701e-26 1.186995632689978876e-26
1.665344794347649682e+01 2.037411401701801013e-26 1.253919665289542151e-26
1.699021918299765943e+01 2.823823371178663138e-26 1.323857964131147826e-26
1.733380071598798011e+01 3.383655759911305559e-26 1.397051963068175382e-26
1.768433026233473981e+01 1.897398020210856628e-26 1.473836805700763726e-26
1.804194832693984551e+01 4.561189143202324206e-26 1.554631463129203642e-26
1.840679825603937303e+01 3.474201731631079791e-26 1.639861351132054543e-26
1.877902629466188600e+01 3.983283306085855907e-26 1.729999652837742366e-26
1.915878164524866989e+01 6.182559472510483005e-26 1.825429549089547911e-26
1.954621652745954208e+01 -3.195530483246831704e-27 1.926509085406615088e-26
1.994148623918792396e+01 3.677516130663068510e-26 1.926509085406615088e-26
