3.036999071674373329e+00 -6.028929564449299281e-27 7.613008157182293711e-27
3.098414217971031004e+00 -9.230963576103431927e-27 7.374104208688644991e-27
3.161071320588920486e+00 -7.859752800231321368e-28 7.268850381723070695e-27
3.224995494757701309e+00 -3.508323571082988629e-27 7.037136946624895305e-27
3.290212363595071743e+00 1.288657657681801402e-26 7.037010548900748503e-27
3.356748068377445549e+00 -1.262510615286887036e-26 7.025214083777031765e-27
3.424629279018304828e+00 1.151872530632765350e-27 6.928607879254920687e-27
3.493883204758483796e+00 2.607644364802082949e-27 7.054875404155983032e-27
3.564537605072599646e+00 8.645114451654202978e-27 7.092739499470594699e-27
3.636620800796060315e+00 1.384220483781816831e-26 7.015366647659755935e-27
3.710161685477077143e+00 7.582339258650718176e-27 7.139123419757215949e-27
3.785189736958239237e+00 -1.516784195470933106e-26 7.150847498710377886e-27
3.861735029192303603e+00 6.125104240234129863e-27 6.954317426222460812e-27
3.939828244296916804e+00 6.540422117387793521e-27 6.913510310455890957e-27
4.019500684853110961e+00 8.347271283289600890e-27 6.847100526420160482e-27
4.100784286452527461e+00 -1.084412027603428658e-26 6.529463402809281657e-27
4.183711630498329725e+00 8.283224242762463831e-27 6.268200110604602943e-27
4.268315957265022220e+00 8.219418179236605190e-28 6.121734731435651547e-27
4.354631179222358206e+00 -3.451614723516763592e-28 5.841839759819877954e-27
4.442691894628660876e+00 3.488256375362769635e-27 5.487144331065438786e-27
4.532533401399081896e+00 -3.805795664128112996e-28 5.249220298352263979e-27
4.624191711254259651e+00 -4.873498663428118902e-27 5.057918510483827438e-27
4.717703564155121931e+00 -1.572331390427902623e-27 4.784893834118859681e-27
4.813106443029600889e+00 -5.879319661720872729e-28 4.499226228419160222e-27
4.910438588797126691e+00 7.014102212766309508e-27 4.292179590393302434e-27
5.009739015696981212e+00 5.621568095030443470e-27 4.117844915534437030e-27
5.111047526926615348e+00 9.173909927559271470e-28 3.903582788736677473e-27
5.214404730596193360e+00 3.792554970711252667e-27 3.673814356235789008e-27
5.319852056005807128e+00 1.827052001566796967e-27 3.484145883177976821e-27
5.427431770251836873e+00 1.080808869743456086e-27 3.329434482564513493e-27
5.537186995169101067e+00 9.501134467899384237e-28 3.168600119727517432e-27
5.649161724615682445e+00 3.761172240243248708e-27 2.992189746612107580e-27
5.763400842107240685e+00 2.598686455383024319e-27 2.827009626182708842e-27
5.879950138807928717e+00 -4.737552212507449374e-27 2.690370306152839407e-27
5.998856331885181525e+00 -6.569511592746714505e-28 2.572391678161534656e-27
6.120167083235607208e+00 1.716891442861170422e-27 2.456285864140600360e-27
6.243931018589618631e+00 3.366550012141940920e-27 2.340397317388311026e-27
6.370197747002383615e+00 6.284528468450276034e-27 2.236114815890790921e-27
6.499017880738906960e+00 -1.001825868763454943e-27 2.151637028350808190e-27
6.630443055561274335e+00 -2.196162797215008886e-27 2.084641098748957115e-27
6.764525951426122674e+00 3.019141615569055371e-27 2.027649165221070943e-27
6.901320313600665557e+00 2.809905009215277048e-27 1.976637455014272856e-27
7.040880974205744991e+00 -1.457294663589953355e-27 1.933964443985391242e-27
7.183263874194516951e+00 3.858672572527236452e-27 1.904506782287052102e-27
7.328526085775608934e+00 7.500814749284589988e-27 1.890618113779248171e-27
7.476725835289740552e+00 8.067372626799269948e-27 1.890735396240618669e-27
7.627922526548905680e+00 6.067137791280989474e-27 1.901248728824735905e-27
7.782176764647598333e+00 1.184227645482853044e-26 1.919852489063985307e-27
7.939550380255518292e+00 7.938630700002829692e-27 1.946632265408386461e-27
8.100106454401514000e+00 1.438305771990135021e-26 1.983919838468677805e-27
8.263909343758772508e+00 1.451000648028630558e-26 2.033575233846586633e-27
8.431024706441272443e+00 2.042901924787263630e-26 2.096203636696599050e-27
8.601519528321922792e+00 2.119660242515022705e-26 2.170491685384853518e-27
8.775462149882951479e+00 2.247290500169530328e-26 2.254430555996495045e-27
8.952922293609207216e+00 2.636132141501352142e-26 2.346546728367969401e-27
9.133971091935467967e+00 2.911685259538813319e-26 2.446770755475718378e-27
9.318681115758884914e+00 2.862687916355566852e-26 2.556453684709141732e-27
9.507126403528006975e+00 1.622730058868509362e-26 2.677303466806275144e-27
9.699382490920088529e+00 1.725442390155927180e-26 2.811225436469203800e-27
9.895526441118494887e+00 2.868530131038842657e-26 2.958354506378498314e-27
1.009563687570241797e+01 2.936063655391169618e-26 3.117983193426262560e-27
1.029979400616126028e+01 3.447877734786219779e-26 3.288667744138476784e-27
1.050807966604626742e+01 3.921898676024366395e-26 3.469523791271563695e-27
1.072057734377237992e+01 4.405137840138132406e-26 3.660502471557769541e-27
1.093737221608343013e+01 4.139168290598896386e-26 3.862675290377290427e-27
1.115855118219401909e+01 3.809733490520310462e-26 4.078000277788223473e-27
1.138420289862189350e+01 5.416820862297776454e-26 4.308615856850282673e-27
1.161441781472466417e+01 4.625843898523605461e-26 4.556312425403897805e-27
1.184928820895516210e+01 4.809044099416273879e-26 4.821973280902280160e-27
1.208890822585001068e+01 4.816158615298747022e-26 5.105628018715963432e-27
1.233337391376612224e+01 5.246224919113945586e-26 5.406531747106598063e-27
1.258278326338034958e+01 3.865737339535333886e-26 5.723756957357760225e-27
1.283723624696773236e+01 6.025169410187126469e-26 6.056923400675083408e-27
1.309683485847392781e+01 4.467062037234596985e-26 6.406269839802338832e-27
1.336168315439812915e+01 4.498443585262930429e-26 6.773104730341573131e-27
1.363188729550263645e+01 2.964543480951047662e-26 7.159795445370859344e-27
1.390755558936591463e+01 3.664246720349923918e-26 7.569205164959143289e-27
1.418879853379622524e+01 8.340241938669237228e-27 8.004047662746478015e-27
1.447572886112309121e+01 1.978737649678435935e-26 8.466825351796177163e-27
1.476846158338450365e+01 1.268636087277012954e-26 8.959215282422384325e-27
1.506711403842792230e+01 1.994275126360165692e-26 9.481967608308986185e-27
1.537180593694349007e+01 2.607564921851051379e-26 1.003500398091354412e-26
1.568265941044841050e+01 2.448306413636250182e-26 1.061778619434080155e-26
1.599979906024170440e+01 1.905675123083810191e-26 1.122960168521579579e-26
1.632335200734883784e+01 4.778033739982442820e-26 1.186995632689978876e-26
1.665344794347649682e+01 3.305924623658093772e-26 1.253919665289542151e-26
1.699021918299765943e+01 4.734189332846353181e-26 1.323857964131147826e-26
1.733380071598798011e+01 4.715214388450718270e-26 1.397051963068175382e-26
1.768433026233473981e+01 4.015185848326882295e-26 1.473836805700763726e-26
1.804194832693984551e+01 2.863688566972222512e-26 1.554631463129203642e-26
1.840679825603937303e+01 6.161646311167244819e-26 1.639861351132054543e-26
1.877902629466188600e+01 6.117094293711096112e-26 1.729999652837742366e-26
1.915878164524866989e+01 4.421582087143910115e-26 1.825429549089547911e-26
1.954621652745954208e+01 6.309164908757656265e-26 1.926509085406615088e-26
1.994148623918792396e+01 2.302500208528793474e-26 1.926509085406615088e-26
