3.036999071674373329e+00 -3.001196471687543815e-27 7.613008157182293711e-27
3.098414217971031004e+00 -1.926216817509462348e-27 7.374104208688644991e-27
3.161071320588920486e+00 -5.970826443781476603e-27 7.268850381723070695e-27
3.224995494757701309e+00 2.553688409376279796e-27 7.037136946624895305e-27
3.290212363595071743e+00 -8.959170586548154540e-27 7.037010548900748503e-27
3.356748068377445549e+00 -4.404826469993664520e-27 7.025214083777031765e-27
3.424629279018304828e+00 4.336388205154626513e-27 6.928607879254920687e-27
3.493883204758483796e+00 5.022078051769733922e-27 7.054875404155983032e-27
3.564537605072599646e+00 3.743620761949232338e-27 7.092739499470594699e-27
3.636620800796060315e+00 1.091835730342482930e-26 7.015366647659755935e-27
3.710161685477077143e+00 4.783678724382188216e-28 7.139123419757215949e-27
3.785189736958239237e+00 3.079839087918006806e-27 7.150847498710377886e-27
3.861735029192303603e+00 1.796593410412764753e-26 6.954317426222460812e-27
3.939828244296916804e+00 -2.549198762621066747e-27 6.913510310455890957e-27
4.019500684853110961e+00 6.496479192469725370e-27 6.847100526420160482e-27
4.100784286452527461e+00 7.203105367729022272e-27 6.529463402809281657e-27
4.183711630498329725e+00 6.460855332621634156e-27 6.268200110604602943e-27
4.268315957265022220e+00 -2.622416327027423544e-27 6.121734731435651547e-27
4.354631179222358206e+00 -7.945051708389447682e-28 5.841839759819877954e-27
4.442691894628660876e+00 8.457356428276843942e-27 5.487144331065438786e-27
4.532533401399081896e+00 2.092307268410951930e-28 5.249220298352263979e-27
4.624191711254259651e+00 5.909742990524301923e-27 5.057918510483827438e-27
4.717703564155121931e+00 -2.831399421877278289e-27 4.784893834118859681e-27
4.813106443029600889e+00 1.237262826784791271e-26 4.499226228419160222e-27
4.910438588797126691e+00 3.689900509613936956e-27 4.292179590393302434e-27
5.009739015696981212e+00 2.467345553583108983e-29 4.117844915534437030e-27
5.111047526926615348e+00 -3.083461422848086658e-27 3.903582788736677473e-27
5.214404730596193360e+00 3.123371553064102714e-27 3.673814356235789008e-27
5.319852056005807128e+00 8.092538047188347237e-28 3.484145883177976821e-27
5.427431770251836873e+00 -1.995001416090990220e-27 3.329434482564513493e-27
5.537186995169101067e+00 1.031916329616871905e-27 3.168600119727517432e-27
5.649161724615682445e+00 -2.008086084970602831e-27 2.992189746612107580e-27
5.763400842107240685e+00 2.321318450547017039e-27 2.827009626182708842e-27
5.879950138807928717e+00 3.240853457919178193e-28 2.690370306152839407e-27
5.998856331885181525e+00 2.341986186990790797e-27 2.572391678161534656e-27
6.120167083235607208e+00 1.614815388926725209e-27 2.456285864140600360e-27
6.243931018589618631e+00 -4.160623346523807808e-28 2.340397317388311026e-27
6.370197747002383615e+00 2.550860455481276353e-27 2.236114815890790921e-27
6.499017880738906960e+00 2.014202309523226796e-27 2.151637028350808190e-27
6.630443055561274335e+00 1.241486974054858948e-27 2.084641098748957115e-27
6.764525951426122674e+00 -1.234676619053587019e-27 2.027649165221070943e-27
6.901320313600665557e+00 4.738619413652853973e-28 1.976637455014272856e-27
7.040880974205744991e+00 6.710940890734813527e-27 1.933964443985391242e-27
7.183263874194516951e+00 3.246803223652069596e-27 1.904506782287052102e-27
7.328526085775608934e+00 2.301340448004080527e-27 1.890618113779248171e-27
7.476725835289740552e+00 1.080254666235106745e-26 1.890735396240618669e-27
7.627922526548905680e+00 7.665693094508760005e-27 1.901248728824735905e-27
7.782176764647598333e+00 1.227978292523691759e-26 1.919852489063985307e-27
7.939550380255518292e+00 1.224870573958997194e-26 1.946632265408386461e-27
8.100106454401514000e+00 1.643750702812335134e-26 1.983919838468677805e-27
8.263909343758772508e+00 1.769023162458222360e-26 2.033575233846586633e-27
8.431024706441272443e+00 2.010815857987530062e-26 2.096203636696599050e-27
8.601519528321922792e+00 2.604648890323204787e-26 2.170491685384853518e-27
8.775462149882951479e+00 2.360377021132095773e-26 2.254430555996495045e-27
8.952922293609207216e+00 2.385229814163537669e-26 2.346546728367969401e-27
9.133971091935467967e+00 2.416439801465242584e-26 2.446770755475718378e-27
9.318681115758884914e+00 2.931724443251264843e-26 2.556453684709141732e-27
9.507126403528006975e+00 2.212885375341964705e-26 2.677303466806275144e-27
9.699382490920088529e+00 2.110713249805302166e-26 2.811225436469203800e-27
9.895526441118494887e+00 2.889982598908331940e-26 2.958354506378498314e-27
1.009563687570241797e+01 3.691412015055453205e-26 3.117983193426262560e-27
1.029979400616126028e+01 3.745142514195096446e-26 3.288667744138476784e-27
1.050807966604626742e+01 4.225574529835881746e-26 3.469523791271563695e-27
1.072057734377237992e+01 3.740686716612797177e-26 3.660502471557769541e-27
1.093737221608343013e+01 3.899074121753347242e-26 3.862675290377290427e-27
1.115855118219401909e+01 4.180094095677381146e-26 4.078000277788223473e-27
1.138420289862189350e+01 4.074630024137037316e-26 4.308615856850282673e-27
1.161441781472466417e+01 3.725875567146794652e-26 4.556312425403897805e-27
1.184928820895516210e+01 4.126843093837306770e-26 4.821973280902280160e-27
1.208890822585001068e+01 4.617569081085494361e-26 5.105628018715963432e-27
1.233337391376612224e+01 4.383769170298518821e-26 5.406531747106598063e-27
1.258278326338034958e+01 3.816687129195755330e-26 5.723756957357760225e-27
1.283723624696773236e+01 5.163640290545586071e-26 6.056923400675083408e-27
1.309683485847392781e+01 3.562789040903629775e-26 6.406269839802338832e-27
1.336168315439812915e+01 2.848649624828430605e-26 6.773104730341573131e-27
1.363188729550263645e+01 3.307917180668366946e-26 7.159795445370859344e-27
1.390755558936591463e+01 4.018985538480358349e-26 7.569205164959143289e-27
1.418879853379622524e+01 2.524878246636464331e-26 8.004047662746478015e-27
1.447572886112309121e+01 2.977730383813023653e-26 8.466825351796177163e-27
1.476846158338450365e+01 2.246591540939613301e-26 8.959215282422384325e-27
1.506711403842792230e+01 2.363689461104776436e-26 9.481967608308986185e-27
1.537180593694349007e+01 8.378692109005615843e-27 1.003500398091354412e-26
1.568265941044841050e+01 2.450376038799617559e-26 1.061778619434080155e-26
1.599979906024170440e+01 3.704161809140707067e-26 1.122960168521579579e-26
1.632335200734883784e+01 3.318472496435906810e-26 1.186995632689978876e-26
1.665344794347649682e+01 2.749388705195794737e-26 1.253919665289542151e-26
1.699021918299765943e+01 5.371224602977759556e-26 1.323857964131147826e-26
1.733380071598798011e+01 3.614062348695436293e-26 1.397051963068175382e-26
1.768433026233473981e+01 3.674380730358120607e-26 1.473836805700763726e-26
1.804194832693984551e+01 5.198842763377705963e-26 1.554631463129203642e-26
1.840679825603937303e+01 3.089723562651608337e-26 1.639861351132054543e-26
1.877902629466188600e+01 6.369371030081179457e-26 1.729999652837742366e-26
1.915878164524866989e+01 2.305587753494489740e-26 1.825429549089547911e-26
1.954621652745954208e+01 3.455930426515673001e-26 1.926509085406615088e-26
1.994148623918792396e+01 2.250035705794181335e-26 1.926509085406615088e-26
