3.036999071674373329e+00 9.181396588328235223e-27 7.613008157182293711e-27
3.098414217971031004e+00 -1.382831177265748776e-27 7.374104208688644991e-27
3.161071320588920486e+00 4.652563474796685498e-27 7.268850381723070695e-27
3.224995494757701309e+00 9.675526630003383516e-27 7.037136946624895305e-27
3.290212363595071743e+00 9.467895131889872900e-27 7.037010548900748503e-27
3.356748068377445549e+00 3.411216636928509222e-27 7.025214083777031765e-27
3.424629279018304828e+00 -8.149252649407524339e-27 6.928607879254920687e-27
3.493883204758483796e+00 5.020846596106837712e-27 7.054875404155983032e-27
3.564537605072599646e+00 4.766985823990450806e-27 7.092739499470594699e-27
3.636620800796060315e+00 -2.138817034323065951e-28 7.015366647659755935e-27
3.710161685477077143e+00 -6.422484837767772469e-28 7.139123419757215949e-27
3.785189736958239237e+00 -3.010703505653080421e-27 7.150847498710377886e-27
3.861735029192303603e+00 2.043956722704990805e-27 6.954317426222460812e-27
3.939828244296916804e+00 -2.978566497295021544e-27 6.913510310455890957e-27
4.019500684853110961e+00 -6.327109751296776784e-28 6.847100526420160482e-27
4.100784286452527461e+00 -5.131093226304453613e-27 6.529463402809281657e-27
4.183711630498329725e+00 2.734715529074522932e-28 6.268200110604602943e-27
4.268315957265022220e+00 1.250535583099442509e-26 6.121734731435651547e-27
4.354631179222358206e+00 -7.876804963943144058e-27 5.841839759819877954e-27
4.442691894628660876e+00 8.061790669447252760e-28 5.487144331065438786e-27
4.532533401399081896e+00 -1.391216593783593809e-27 5.249220298352263979e-27
4.624191711254259651e+00 -3.375832746778221318e-27 5.057918510483827438e-27
4.717703564155121931e+00 2.248783901936298659e-27 4.784893834118859681e-27
4.813106443029600889e+00 4.703584850774030400e-27 4.499226228419160222e-27
4.910438588797126691e+00 -8.461923501186252851e-27 4.292179590393302434e-27
5.009739015696981212e+00 2.819395049530129686e-27 4.117844915534437030e-27
5.111047526926615348e+00 -5.225341289242380814e-28 3.903582788736677473e-27
5.214404730596193360e+00 -3.478350929449891224e-27 3.673814356235789008e-27
5.319852056005807128e+00 3.563514329023321852e-27 3.484145883177976821e-27
5.427431770251836873e+00 1.183663030547520496e-27 3.329434482564513493e-27
5.537186995169101067e+00 3.654753426435097340e-27 3.168600119727517432e-27
5.649161724615682445e+00 1.650751723402812942e-27 2.992189746612107580e-27
5.763400842107240685e+00 1.151173660273640180e-27 2.827009626182708842e-27
5.879950138807928717e+00 1.472624795539276992e-27 2.690370306152839407e-27
5.998856331885181525e+00 -4.257200430047008106e-28 2.572391678161534656e-27
6.120167083235607208e+00 -5.477202910576677734e-29 2.456285864140600360e-27
6.243931018589618631e+00 1.409274403428890582e-28 2.340397317388311026e-27
6.370197747002383615e+00 4.498588489166183820e-27 2.236114815890790921e-27
6.499017880738906960e+00 2.147991363097417606e-27 2.151637028350808190e-27
6.630443055561274335e+00 1.616601975503798928e-27 2.084641098748957115e-27
6.764525951426122674e+00 1.148900322867839571e-27 2.027649165221070943e-27
6.901320313600665557e+00 2.689149658963070628e-27 1.976637455014272856e-27
7.040880974205744991e+00 1.160568732323421768e-27 1.933964443985391242e-27
7.183263874194516951e+00 2.318208411853517514e-27 1.904506782287052102e-27
7.328526085775608934e+00 2.739484739108956031e-27 1.890618113779248171e-27
7.476725835289740552e+00 8.189878368191854761e-27 1.890735396240618669e-27
7.627922526548905680e+00 1.078340641780938907e-26 1.901248728824735905e-27
7.782176764647598333e+00 1.377363382716116387e-26 1.919852489063985307e-27
7.939550380255518292e+00 7.021770814039875024e-27 1.946632265408386461e-27
8.100106454401514000e+00 1.515620686065985076e-26 1.983919838468677805e-27
8.263909343758772508e+00 1.882405353636083572e-26 2.033575233846586633e-27
8.431024706441272443e+00 2.218074460946400306e-26 2.096203636696599050e-27
8.601519528321922792e+00 1.944919674146333261e-26 2.170491685384853518e-27
8.775462149882951479e+00 2.705637483616373407e-26 2.254430555996495045e-27
8.952922293609207216e+00 2.303009392435212215e-26 2.346546728367969401e-27
9.133971091935467967e+00 2.307729422093078370e-26 2.446770755475718378e-27
9.318681115758884914e+00 2.539190043216883922e-26 2.556453684709141732e-27
9.507126403528006975e+00 1.740376186539928957e-26 2.677303466806275144e-27
9.699382490920088529e+00 1.473533586867139711e-26 2.811225436469203800e-27
9.895526441118494887e+00 2.864541333569120710e-26 2.958354506378498314e-27
1.009563687570241797e+01 3.213389543072701706e-26 3.117983193426262560e-27
1.029979400616126028e+01 3.900036298364362922e-26 3.288667744138476784e-27
1.050807966604626742e+01 3.712184925171949726e-26 3.469523791271563695e-27
1.072057734377237992e+01 3.474155173494552676e-26 3.660502471557769541e-27
1.093737221608343013e+01 4.302436740744567557e-26 3.862675290377290427e-27
1.115855118219401909e+01 4.698217868591393969e-26 4.078000277788223473e-27
1.138420289862189350e+01 4.179112832232969169e-26 4.308615856850282673e-27
1.161441781472466417e+01 4.728515321014674316e-26 4.556312425403897805e-27
1.184928820895516210e+01 4.988547924570427758e-26 4.821973280902280160e-27
1.208890822585001068e+01 4.926960485299661041e-26 5.105628018715963432e-27
1.233337391376612224e+01 5.179641402335609144e-26 5.406531747106598063e-27
1.258278326338034958e+01 5.317797790768868235e-26 5.723756957357760225e-27
1.283723624696773236e+01 4.439135934079827629e-26 6.056923400675083408e-27
1.309683485847392781e+01 4.619296921740227694e-26 6.406269839802338832e-27
1.336168315439812915e+01 3.753236515002259085e-26 6.773104730341573131e-27
1.363188729550263645e+01 4.036741280401658606e-26 7.159795445370859344e-27
1.390755558936591463e+01 3.744595446673965366e-26 7.569205164959143289e-27
1.418879853379622524e+01 3.177822512172991011e-26 8.004047662746478015e-27
1.447572886112309121e+01 1.399620091092286395e-26 8.466825351796177163e-27
1.476846158338450365e+01 1.144884576009903512e-26 8.959215282422384325e-27
1.506711403842792230e+01 2.939009510734805928e-26 9.481967608308986185e-27
1.537180593694349007e+01 2.232058034315883580e-26 1.003500398091354412e-26
1.568265941044841050e+01 2.415961902461777829e-26 1.061778619434080155e-26
1.599979906024170440e+01 2.045824262932885760e-26 1.122960168521579579e-26
1.632335200734883784e+01 2.267459695224261367e-26 1.186995632689978876e-26
1.665344794347649682e+01 2.389016045656863094e-26 1.253919665289542151e-26
1.699021918299765943e+01 2.986544255714130190e-26 1.323857964131147826e-26
1.733380071598798011e+01 3.756816192104648251e-26 1.397051963068175382e-26
1.768433026233473981e+01 2.519530436230544857e-26 1.473836805700763726e-26
1.804194832693984551e+01 5.148436627878455005e-26 1.554631463129203642e-26
1.840679825603937303e+01 3.330506739110164190e-26 1.639861351132054543e-26
1.877902629466188600e+01 4.345901211942291089e-26 1.729999652837742366e-26
1.915878164524866989e+01 5.869042793068507382e-26 1.825429549089547911e-26
1.954621652745954208e+01 3.710917833550740681e-26 1.926509085406615088e-26
1.994148623918792396e+01 1.687638242598258671e-26 1.926509085406615088e-26
