3.036999071674373329e+00 2.594502508177264944e-27 7.613008157182293711e-27
3.098414217971031004e+00 -5.243667263026823127e-28 7.374104208688644991e-27
3.161071320588920486e+00 -1.153035642777085310e-27 7.268850381723070695e-27
3.224995494757701309e+00 -3.538292584646955979e-27 7.037136946624895305e-27
3.290212363595071743e+00 3.232866573633285552e-27 7.037010548900748503e-27
3.356748068377445549e+00 -8.834744264858111054e-27 7.025214083777031765e-27
3.424629279018304828e+00 -7.344039864530471844e-27 6.928607879254920687e-27
3.493883204758483796e+00 -9.934319726790626688e-28 7.054875404155983032e-27
3.564537605072599646e+00 7.423415938172855120e-27 7.092739499470594699e-27
3.636620800796060315e+00 -3.260267637165140195e-27 7.015366647659755935e-27
3.710161685477077143e+00 9.282253488301315082e-27 7.139123419757215949e-27
3.785189736958239237e+00 -6.228213396909786882e-27 7.150847498710377886e-27
3.861735029192303603e+00 1.243395192263077385e-27 6.954317426222460812e-27
3.939828244296916804e+00 -4.584603598435098681e-27 6.913510310455890957e-27
4.019500684853110961e+00 -1.584073701830375841e-27 6.847100526420160482e-27
4.100784286452527461e+00 3.203938134192436966e-27 6.529463402809281657e-27
4.183711630498329725e+00 -9.790465041695291634e-27 6.268200110604602943e-27
4.268315957265022220e+00 -8.178311888147032066e-28 6.121734731435651547e-27
4.354631179222358206e+00 6.079493413981766804e-27 5.841839759819877954e-27
4.442691894628660876e+00 -2.910391134010898496e-27 5.487144331065438786e-27
4.532533401399081896e+00 -6.699203315004706763e-27 5.249220298352263979e-27
4.624191711254259651e+00 1.020071244131896305e-26 5.057918510483827438e-27
4.717703564155121931e+00 -2.403576648047898234e-27 4.784893834118859681e-27
4.813106443029600889e+00 -9.995404249956081992e-28 4.499226228419160222e-27
4.910438588797126691e+00 3.973739923546159233e-27 4.292179590393302434e-27
5.009739015696981212e+00 1.546642065481767670e-27 4.117844915534437030e-27
5.111047526926615348e+00 1.022543180060779910e-27 3.903582788736677473e-27
5.214404730596193360e+00 -1.596922239161371010e-27 3.673814356235789008e-27
5.319852056005807128e+00 1.420500646414563885e-27 3.484145883177976821e-27
5.427431770251836873e+00 -3.589309131979887371e-27 3.329434482564513493e-27
5.537186995169101067e+00 3.823926108012058204e-29 3.168600119727517432e-27
5.649161724615682445e+00 -1.170394303780516102e-27 2.992189746612107580e-27
5.763400842107240685e+00 -9.294601962312003503e-28 2.827009626182708842e-27
5.879950138807928717e+00 -5.479252489458746823e-27 2.690370306152839407e-27
5.998856331885181525e+00 2.061030808039861869e-27 2.572391678161534656e-27
6.120167083235607208e+00 -3.927378044497682813e-27 2.456285864140600360e-27
6.243931018589618631e+00 1.523159420133887867e-27 2.340397317388311026e-27
6.370197747002383615e+00 1.462562003472150463e-27 2.236114815890790921e-27
6.499017880738906960e+00 3.763680689307860856e-27 2.151637028350808190e-27
6.630443055561274335e+00 5.798974924096549005e-29 2.084641098748957115e-27
6.764525951426122674e+00 2.633390093949885875e-27 2.027649165221070943e-27
6.901320313600665557e+00 6.013608552585798668e-28 1.976637455014272856e-27
7.040880974205744991e+00 4.183110064761480936e-28 1.933964443985391242e-27
7.183263874194516951e+00 4.115294418337569382e-27 1.904506782287052102e-27
7.328526085775608934e+00 4.982997575008317719e-27 1.890618113779248171e-27
7.476725835289740552e+00 6.171439698533118197e-27 1.890735396240618669e-27
7.627922526548905680e+00 9.108176864560995940e-27 1.901248728824735905e-27
7.782176764647598333e+00 1.085709747708894247e-26 1.919852489063985307e-27
7.939550380255518292e+00 1.077241653008161842e-26 1.946632265408386461e-27
8.100106454401514000e+00 1.453878439194545200e-26 1.983919838468677805e-27
8.263909343758772508e+00 1.468607827422934762e-26 2.033575233846586633e-27
8.431024706441272443e+00 2.207662989096201974e-26 2.096203636696599050e-27
8.601519528321922792e+00 2.044420691696572958e-26 2.170491685384853518e-27
8.775462149882951479e+00 2.204856772808490611e-26 2.254430555996495045e-27
8.952922293609207216e+00 2.747446420266253443e-26 2.346546728367969401e-27
9.133971091935467967e+00 2.766460327576156943e-26 2.446770755475718378e-27
9.318681115758884914e+00 2.676055204658510478e-26 2.556453684709141732e-27
9.507126403528006975e+00 1.823227910726695003e-26 2.677303466806275144e-27
9.699382490920088529e+00 2.181942782082197766e-26 2.811225436469203800e-27
9.895526441118494887e+00 2.721768679544192806e-26 2.958354506378498314e-27
1.009563687570241797e+01 3.722051917048316294e-26 3.117983193426262560e-27
1.029979400616126028e+01 4.166597944268098027e-26 3.288667744138476784e-27
1.050807966604626742e+01 3.895336606026856065e-26 3.469523791271563695e-27
1.072057734377237992e+01 4.098480916093971255e-26 3.660502471557769541e-27
1.093737221608343013e+01 3.877273943125053768e-26 3.862675290377290427e-27
1.115855118219401909e+01 4.711815190561305055e-26 4.078000277788223473e-27
1.138420289862189350e+01 4.577203343036736255e-26 4.308615856850282673e-27
1.161441781472466417e+01 4.254814788373868546e-26 4.556312425403897805e-27
1.184928820895516210e+01 4.235572047699768111e-26 4.821973280902280160e-27
1.208890822585001068e+01 5.090724960300970815e-26 5.105628018715963432e-27
1.233337391376612224e+01 4.865019892958793523e-26 5.406531747106598063e-27
1.258278326338034958e+01 4.028580574173214152e-26 5.723756957357760225e-27
1.283723624696773236e+01 3.778080716756457823e-26 6.056923400675083408e-27
1.309683485847392781e+01 4.660091645061175463e-26 6.406269839802338832e-27
1.336168315439812915e+01 4.763651461446414697e-26 6.773104730341573131e-27
1.363188729550263645e+01 2.285168902168764257e-26 7.159795445370859344e-27
1.390755558936591463e+01 3.164444221354142780e-26 7.569205164959143289e-27
1.418879853379622524e+01 2.544291026239557266e-26 8.004047662746478015e-27
1.447572886112309121e+01 3.042860708507455128e-26 8.466825351796177163e-27
1.476846158338450365e+01 3.064205753731448339e-26 8.959215282422384325e-27
1.506711403842792230e+01 1.780152786600113870e-26 9.481967608308986185e-27
1.537180593694349007e+01 2.298053009178184929e-26 1.003500398091354412e-26
1.568265941044841050e+01 1.467376710837844100e-26 1.061778619434080155e-26
1.599979906024170440e+01 3.562509588641030792e-26 1.122960168521579579e-26
1.632335200734883784e+01 4.075410038556412420e-26 1.186995632689978876e-26
1.665344794347649682e+01 2.985617042414121363e-26 1.253919665289542151e-26
1.699021918299765943e+01 1.750663160182959408e-26 1.323857964131147826e-26
1.733380071598798011e+01 4.578734767917373690e-26 1.397051963068175382e-26
1.768433026233473981e+01 4.172868194979510082e-26 1.473836805700763726e-26
1.804194832693984551e+01 2.782348102434457388e-26 1.554631463129203642e-26
1.840679825603937303e+01 3.024755686906552217e-26 1.639861351132054543e-26
1.877902629466188600e+01 5.804611566175325276e-26 1.729999652837742366e-26
1.915878164524866989e+01 3.331891997907317438e-26 1.825429549089547911e-26
1.954621652745954208e+01 1.878164260585493829e-26 1.926509085406615088e-26
1.994148623918792396e+01 3.971041483742959534e-26 1.926509085406615088e-26
